wavelength	W/(nm·m2)
280	4.7309e-23
281	5.6895e-21
282	1.1946e-18
283	1.8452e-17
284	7.267e-16
285	8.0142e-15
286	1.3684e-13
287	2.7367e-12
288	6.2337e-11
289	5.6265e-10
290	6.0168e-09
291	3.5052e-08
292	2.683e-07
293	8.6466e-07
294	4.1744e-06
295	1.229e-05
296	4.7904e-05
297	9.679999999999999e-05
298	0.00028988
299	0.00049211
300	0.0010205
301	0.00193
302	0.0029209
303	0.0070945
304	0.0094701
305	0.016463
306	0.018577
307	0.027849
308	0.037837
309	0.040534
310	0.050939
311	0.082922
312	0.093376
313	0.10733
314	0.11969
315	0.13625
316	0.12348
317	0.17158
318	0.17594
319	0.2047
320	0.20527
321	0.25024
322	0.22203
323	0.21226
324	0.27537
325	0.27894
326	0.3812
327	0.39806
328	0.35116
329	0.42235
330	0.47139
331	0.40262
332	0.43623
333	0.42944
334	0.41497
335	0.46388
336	0.41519
337	0.3738
338	0.43411
339	0.46355
340	0.5018
341	0.47139
342	0.48934
343	0.51489
344	0.41843
345	0.45898
346	0.47778
347	0.49404
348	0.47511
349	0.46564
350	0.52798
351	0.55172
352	0.51791
353	0.5204
354	0.60498
355	0.6114000000000001
356	0.55387
357	0.45673
358	0.43006
359	0.46953
360	0.59817
361	0.52024
362	0.5342
363	0.6019099999999999
364	0.60628
365	0.62359
366	0.73532
367	0.72285
368	0.66759
369	0.69315
370	0.75507
371	0.69338
372	0.67444
373	0.61886
374	0.5564
375	0.5893
376	0.6748
377	0.71225
378	0.85595
379	0.7438900000000001
380	0.70077
381	0.76383
382	0.58678
383	0.45499
384	0.50968
385	0.67355
386	0.621
387	0.65147
388	0.6358200000000001
389	0.68543
390	0.79699
391	0.85138
392	0.79493
393	0.47975
394	0.49567
395	0.80772
396	0.7565499999999999
397	0.42619
398	0.85249
399	1.0693
400	1.1141
401	1.1603
402	1.2061
403	1.1613
404	1.1801
405	1.1511
406	1.1227
407	1.1026
408	1.1514
409	1.2299
410	1.0485
411	1.1738
412	1.2478
413	1.1971
414	1.1842
415	1.2258
416	1.2624
417	1.2312
418	1.1777
419	1.2258
420	1.1232
421	1.2757
422	1.2583
423	1.2184
424	1.2117
425	1.2488
426	1.2135
427	1.1724
428	1.1839
429	1.0963
430	0.87462
431	0.79394
432	1.3207
433	1.2288
434	1.1352
435	1.2452
436	1.3659
437	1.3943
438	1.2238
439	1.1775
440	1.3499
441	1.3313
442	1.425
443	1.4453
444	1.4084
445	1.4619
446	1.3108
447	1.4903
448	1.5081
449	1.5045
450	1.5595
451	1.6173
452	1.5482
453	1.4297
454	1.5335
455	1.5224
456	1.5724
457	1.5854
458	1.5514
459	1.5391
460	1.5291
461	1.5827
462	1.5975
463	1.6031
464	1.5544
465	1.535
466	1.5673
467	1.4973
468	1.5619
469	1.5682
470	1.5077
471	1.5331
472	1.6126
473	1.5499
474	1.5671
475	1.6185
476	1.5631
477	1.5724
478	1.623
479	1.5916
480	1.6181
481	1.6177
482	1.6236
483	1.6038
484	1.5734
485	1.5683
486	1.2716
487	1.4241
488	1.5413
489	1.4519
490	1.6224
491	1.5595
492	1.4869
493	1.5903
494	1.5525
495	1.6485
496	1.5676
497	1.5944
498	1.5509
499	1.5507
500	1.5451
501	1.4978
502	1.4966
503	1.5653
504	1.4587
505	1.5635
506	1.6264
507	1.556
508	1.5165
509	1.5893
510	1.5481
511	1.5769
512	1.6186
513	1.5206
514	1.4885
515	1.5314
516	1.5455
517	1.2594
518	1.4403
519	1.3957
520	1.5236
521	1.5346
522	1.569
523	1.4789
524	1.5905
525	1.5781
526	1.5341
527	1.3417
528	1.5357
529	1.6071
530	1.5446
531	1.6292
532	1.5998
533	1.4286
534	1.5302
535	1.5535
536	1.6199
537	1.4989
538	1.5738
539	1.5352
540	1.4825
541	1.4251
542	1.5511
543	1.5256
544	1.5792
545	1.5435
546	1.5291
547	1.549
548	1.5049
549	1.552
550	1.5399
551	1.5382
552	1.5697
553	1.525
554	1.5549
555	1.5634
556	1.5366
557	1.4988
558	1.531
559	1.4483
560	1.474
561	1.5595
562	1.4847
563	1.5408
564	1.5106
565	1.5201
566	1.4374
567	1.532
568	1.518
569	1.4807
570	1.4816
571	1.4331
572	1.5134
573	1.5198
574	1.5119
575	1.4777
576	1.4654
577	1.5023
578	1.456
579	1.477
580	1.502
581	1.5089
582	1.532
583	1.5479
584	1.5448
585	1.5324
586	1.4953
587	1.5281
588	1.4934
589	1.2894
590	1.3709
591	1.4662
592	1.4354
593	1.4561
594	1.4491
595	1.4308
596	1.4745
597	1.4788
598	1.4607
599	1.4606
600	1.4753
601	1.4579
602	1.436
603	1.4664
604	1.4921
605	1.4895
606	1.4822
607	1.4911
608	1.4862
609	1.4749
610	1.4686
611	1.4611
612	1.4831
613	1.4621
614	1.4176
615	1.4697
616	1.431
617	1.4128
618	1.4664
619	1.4733
620	1.4739
621	1.4802
622	1.4269
623	1.4165
624	1.4118
625	1.4026
626	1.4012
627	1.4417
628	1.3631
629	1.4114
630	1.3924
631	1.4161
632	1.3638
633	1.4508
634	1.4284
635	1.4458
636	1.4128
637	1.461
638	1.4707
639	1.4646
640	1.434
641	1.4348
642	1.4376
643	1.4525
644	1.4462
645	1.4567
646	1.415
647	1.4086
648	1.3952
649	1.3519
650	1.3594
651	1.4447
652	1.3871
653	1.4311
654	1.4153
655	1.3499
656	1.1851
657	1.2393
658	1.3855
659	1.3905
660	1.3992
661	1.3933
662	1.3819
663	1.3844
664	1.3967
665	1.4214
666	1.4203
667	1.4102
668	1.415
669	1.4394
670	1.4196
671	1.4169
672	1.3972
673	1.4094
674	1.4074
675	1.3958
676	1.412
677	1.3991
678	1.4066
679	1.3947
680	1.3969
681	1.3915
682	1.3981
683	1.383
684	1.3739
685	1.3748
686	1.3438
687	0.96824
688	1.1206
689	1.1278
690	1.1821
691	1.2333
692	1.2689
693	1.2609
694	1.2464
695	1.2714
696	1.2684
697	1.3403
698	1.3192
699	1.2918
700	1.2823
701	1.2659
702	1.2674
703	1.2747
704	1.3078
705	1.3214
706	1.3144
707	1.309
708	1.3048
709	1.3095
710	1.3175
711	1.3155
712	1.3071
713	1.2918
714	1.3029
715	1.2587
716	1.2716
717	1.1071
718	1.0296
719	0.92318
720	0.9855
721	1.0861
722	1.2407
723	1.1444
724	1.0555
725	1.038
726	1.0813
727	1.085
728	1.04
729	1.0466
730	1.1285
731	1.0703
732	1.1534
733	1.1962
734	1.2357
735	1.2178
736	1.2059
737	1.2039
738	1.2269
739	1.1905
740	1.2195
741	1.2148
742	1.2153
743	1.2405
744	1.2503
745	1.2497
746	1.247
747	1.2477
748	1.2401
749	1.2357
750	1.2341
751	1.2286
752	1.233
753	1.2266
754	1.242
755	1.2383
756	1.2232
757	1.2221
758	1.2295
759	1.1945
760	0.26604
761	0.15396
762	0.68766
763	0.37952
764	0.53878
765	0.68601
766	0.8146099999999999
767	0.97417
768	1.1138
769	1.1278
770	1.1608
771	1.1686
772	1.1778
773	1.1771
774	1.1771
775	1.1771
776	1.1798
777	1.1727
778	1.1713
779	1.1765
780	1.1636
781	1.1607
782	1.1662
783	1.1614
784	1.1536
785	1.1586
786	1.1592
787	1.145
788	1.1305
789	1.1257
790	1.091
791	1.1058
792	1.0953
793	1.0875
794	1.0972
795	1.0932
796	1.0742
797	1.0913
798	1.1121
799	1.0905
800	1.0725
801	1.0843
802	1.0856
803	1.0657
804	1.0782
805	1.0545
806	1.0974
807	1.0859
808	1.0821
809	1.0548
810	1.0559
811	1.0533
812	1.0268
813	1.0086
814	0.90356
815	0.89523
816	0.83216
817	0.85183
818	0.82259
819	0.9051900000000001
820	0.86188
821	0.99764
822	0.95157
823	0.67271
824	0.93506
825	0.96935
826	0.93381
827	0.98465
828	0.84979
829	0.9293
830	0.91601
831	0.92392
832	0.8942600000000001
833	0.9565
834	0.93412
835	1.0032
836	0.97234
837	1.0092
838	0.99901
839	1.0013
840	1.0157
841	1.0101
842	0.99703
843	1.0053
844	0.98631
845	1.0165
846	1.0187
847	0.9917
848	0.99217
849	0.9859599999999999
850	0.89372
851	0.97493
852	0.96927
853	0.9648600000000001
854	0.85112
855	0.913
856	0.97317
857	0.99166
858	0.99196
859	0.99171
860	0.98816
861	0.9867899999999999
862	0.99449
863	1.0005
864	0.97916
865	0.96324
866	0.849
867	0.9154600000000001
868	0.9592000000000001
869	0.94956
870	0.96755
871	0.95387
872	0.9668600000000001
873	0.95721
874	0.94042
875	0.92687
876	0.95277
877	0.9561500000000001
878	0.95237
879	0.9365599999999999
880	0.93957
881	0.90861
882	0.93245
883	0.92927
884	0.93305
885	0.94423
886	0.90752
887	0.91062
888	0.92228
889	0.93455
890	0.92393
891	0.92584
892	0.90881
893	0.87327
894	0.8512999999999999
895	0.81357
896	0.76253
897	0.66566
898	0.7178
899	0.54871
900	0.7426
901	0.59933
902	0.66791
903	0.68889
904	0.84457
905	0.81709
906	0.77558
907	0.63854
908	0.65217
909	0.70431
910	0.6246699999999999
911	0.66808
912	0.68893
913	0.62834
914	0.62649
915	0.67836
916	0.57646
917	0.73017
918	0.59271
919	0.73877
920	0.74414
921	0.78049
922	0.70026
923	0.74504
924	0.7215
925	0.7111
926	0.70331
927	0.78742
928	0.58968
929	0.55127
930	0.4321
931	0.40921
932	0.30086
933	0.24841
934	0.1438
935	0.25084
936	0.16142
937	0.16338
938	0.20058
939	0.39887
940	0.47181
941	0.37195
942	0.40532
943	0.27834
944	0.28579
945	0.36821
946	0.19461
947	0.37112
948	0.27423
949	0.49396
950	0.14726
951	0.48378
952	0.26891
953	0.34362
954	0.42411
955	0.34117
956	0.32821
957	0.27067
958	0.46101
959	0.37385
960	0.42066
961	0.4612
962	0.44174
963	0.50503
964	0.4586
965	0.50374
966	0.50275
967	0.5024
968	0.6521
969	0.6862200000000001
970	0.63461
971	0.71397
972	0.68765
973	0.60648
974	0.57529
975	0.58987
976	0.57191
977	0.63864
978	0.61509
979	0.63815
980	0.60468
981	0.71338
982	0.69218
983	0.66865
984	0.73732
985	0.6881699999999999
986	0.75083
987	0.73928
988	0.7346200000000001
989	0.7490599999999999
990	0.73227
991	0.75358
992	0.75102
993	0.73728
994	0.7541
995	0.75176
996	0.74884
997	0.73971
998	0.73887
999	0.7385699999999999
1000	0.73532
1001	0.74442
1002	0.72805
1003	0.73442
1004	0.72336
1005	0.68174
1006	0.71252
1007	0.72753
1008	0.72685
1009	0.71972
1010	0.71914
1011	0.72278
1012	0.71877
1013	0.71761
1014	0.72068
1015	0.70817
1016	0.71129
1017	0.7033700000000001
1018	0.71422
1019	0.6887799999999999
1020	0.69896
1021	0.70175
1022	0.6897
1023	0.69508
1024	0.69058
1025	0.69753
1026	0.69636
1027	0.6930500000000001
1028	0.69385
1029	0.68628
1030	0.69055
1031	0.68736
1032	0.68787
1033	0.67613
1034	0.68015
1035	0.6823399999999999
1036	0.68202
1037	0.67497
1038	0.67172
1039	0.67636
1040	0.6717
1041	0.67176
1042	0.672
1043	0.66525
1044	0.66833
1045	0.66452
1046	0.64714
1047	0.65694
1048	0.66274
1049	0.65896
1050	0.65463
1051	0.65521
1052	0.65118
1053	0.64919
1054	0.64646
1055	0.64847
1056	0.64641
1057	0.6448199999999999
1058	0.63818
1059	0.61875
1060	0.63585
1061	0.62121
1062	0.63266
1063	0.62239
1064	0.63196
1065	0.62913
1066	0.61713
1067	0.62032
1068	0.61944
1069	0.58626
1070	0.6046899999999999
1071	0.61661
1072	0.61536
1073	0.60363
1074	0.62158
1075	0.59252
1076	0.61471
1077	0.60434
1078	0.60321
1079	0.6047400000000001
1080	0.59722
1081	0.58083
1082	0.5894
1083	0.59814
1084	0.57852
1085	0.5933
1086	0.5541
1087	0.56697
1088	0.59317
1089	0.57919
1090	0.5557299999999999
1091	0.58835
1092	0.58124
1093	0.51058
1094	0.53965
1095	0.52067
1096	0.50323
1097	0.57852
1098	0.50291
1099	0.5077199999999999
1100	0.48577
1101	0.49696
1102	0.46883
1103	0.46637
1104	0.46765
1105	0.50644
1106	0.39792
1107	0.48304
1108	0.41565
1109	0.41278
1110	0.47899
1111	0.33154
1112	0.41357
1113	0.2685
1114	0.29985
1115	0.24987
1116	0.20136
1117	0.07961799999999999
1118	0.21753
1119	0.11317
1120	0.14189
1121	0.18586
1122	0.08168599999999999
1123	0.12817
1124	0.1087
1125	0.14428
1126	0.051589
1127	0.15725
1128	0.09922400000000001
1129	0.10591
1130	0.070574
1131	0.2956
1132	0.23411
1133	0.15331
1134	0.04174
1135	0.015462
1136	0.12876
1137	0.28785
1138	0.20329
1139	0.2985
1140	0.25599
1141	0.19337
1142	0.22479
1143	0.31183
1144	0.11326
1145	0.14604
1146	0.15764
1147	0.059176
1148	0.27113
1149	0.21854
1150	0.12164
1151	0.2034
1152	0.24762
1153	0.23812
1154	0.14248
1155	0.31316
1156	0.2809
1157	0.31458
1158	0.31171
1159	0.33693
1160	0.28648
1161	0.34753
1162	0.35002
1163	0.46857
1164	0.40188
1165	0.3886
1166	0.37494
1167	0.40996
1168	0.41954
1169	0.4231
1170	0.45873
1171	0.44831
1172	0.45483
1173	0.45642
1174	0.33692
1175	0.4524
1176	0.47679
1177	0.47235
1178	0.36
1179	0.48371
1180	0.44069
1181	0.45514
1182	0.32318
1183	0.4387
1184	0.41985
1185	0.40741
1186	0.47715
1187	0.45575
1188	0.33504
1189	0.41569
1190	0.46239
1191	0.4466
1192	0.47336
1193	0.45434
1194	0.4689
1195	0.44696
1196	0.43131
1197	0.47715
1198	0.43392
1199	0.36489
1200	0.44825
1201	0.43708
1202	0.43717
1203	0.43409
1204	0.36247
1205	0.43692
1206	0.48086
1207	0.42986
1208	0.43346
1209	0.41428
1210	0.45336
1211	0.42232
1212	0.42489
1213	0.46956
1214	0.43407
1215	0.4278
1216	0.4664
1217	0.45528
1218	0.45934
1219	0.44663
1220	0.45805
1221	0.46531
1222	0.45139
1223	0.44406
1224	0.44808
1225	0.46236
1226	0.46819
1227	0.43304
1228	0.46658
1229	0.46721
1230	0.46003
1231	0.47203
1232	0.46633
1233	0.45397
1234	0.47016
1235	0.46504
1236	0.46908
1237	0.46339
1238	0.46797
1239	0.46272
1240	0.46077
1241	0.46197
1242	0.46247
1243	0.45754
1244	0.45528
1245	0.45655
1246	0.45945
1247	0.45746
1248	0.4586
1249	0.45966
1250	0.45705
1251	0.45258
1252	0.45097
1253	0.44773
1254	0.44363
1255	0.4507
1256	0.44023
1257	0.43532
1258	0.44496
1259	0.42725
1260	0.4311
1261	0.41146
1262	0.39567
1263	0.40019
1264	0.37148
1265	0.3957
1266	0.38527
1267	0.38822
1268	0.37051
1269	0.24652
1270	0.38744
1271	0.40825
1272	0.40879
1273	0.40625
1274	0.40614
1275	0.41233
1276	0.41693
1277	0.42001
1278	0.42763
1279	0.42456
1280	0.42204
1281	0.41335
1282	0.37305
1283	0.40733
1284	0.42078
1285	0.42399
1286	0.42714
1287	0.42213
1288	0.41989
1289	0.40936
1290	0.41285
1291	0.41786
1292	0.39618
1293	0.41257
1294	0.40421
1295	0.40514
1296	0.38957
1297	0.3713
1298	0.39183
1299	0.40852
1300	0.35312
1301	0.36228
1302	0.39181
1303	0.34621
1304	0.30062
1305	0.38382
1306	0.38453
1307	0.30594
1308	0.34696
1309	0.38413
1310	0.30114
1311	0.33366
1312	0.33337
1313	0.31352
1314	0.28833
1315	0.28581
1316	0.32419
1317	0.31217
1318	0.33328
1319	0.26855
1320	0.25872
1321	0.29866
1322	0.30217
1323	0.23279
1324	0.26249
1325	0.32224
1326	0.28051
1327	0.26625
1328	0.2345
1329	0.17759
1330	0.22923
1331	0.1448
1332	0.14579
1333	0.20304
1334	0.16925
1335	0.23117
1336	0.18348
1337	0.16454
1338	0.17804
1339	0.17681
1340	0.16831
1341	0.17039
1342	0.17798
1343	0.12711
1344	0.075645
1345	0.10904
1346	0.058186
1347	0.060119
1348	0.0047451
1349	0.016159
1350	0.016025
1351	0.0046298
1352	0.0015164
1353	9.6096e-05
1354	0.00029009
1355	3.6034e-06
1356	4.807e-05
1357	7.178599999999999e-05
1358	4.1948e-06
1359	7.343899999999999e-07
1360	2.1404e-06
1361	4.8133e-09
1362	1.8076e-11
1363	3.1563e-06
1364	1.3589e-06
1365	9.0764e-12
1366	1.2791e-05
1367	4.9764e-06
1368	1.481e-13
1369	5.1667e-07
1370	2.92e-07
1371	1.9731e-08
1372	2.7498e-06
1373	4.4401e-05
1374	0.00017917
1375	0.00032332
1376	0.00025748
1377	0.0001227
1378	0.0011089
1379	5.2164e-05
1380	8.1587e-05
1381	2.3716e-06
1382	2.5672e-06
1383	4.4017e-08
1384	6.1689e-07
1385	2.0899e-06
1386	2.5215e-06
1387	0.00019896
1388	4.0262e-06
1389	0.00058098
1390	0.00049328
1391	0.00034384
1392	2.3782e-05
1393	0.00011586
1394	7.552599999999999e-05
1395	6.7136e-07
1396	6.3215e-09
1397	4.9057e-05
1398	0.0012704
1399	0.00081226
1400	3.2466e-09
1401	1.0528e-08
1402	0.0018353
1403	0.00238
1404	0.00073892
1405	3.6444e-07
1406	0.0020448
1407	0.00017457
1408	0.0016493
1409	0.00061919
1410	0.00046653
1411	0.0021142
1412	0.0026396
1413	0.023353
1414	0.00036378
1415	0.00018366
1416	0.035565
1417	0.011759
1418	0.013559
1419	0.0021442
1420	0.008271799999999999
1421	0.0091637
1422	0.046314
1423	0.0092198
1424	0.016975
1425	0.02585
1426	0.027792
1427	0.049546
1428	0.0045588
1429	0.03802
1430	0.061601
1431	0.050156
1432	0.0025194
1433	0.035834
1434	0.020962
1435	0.021416
1436	0.038351
1437	0.02988
1438	0.013263
1439	0.051039
1440	0.039601
1441	0.0318
1442	0.036317
1443	0.045063
1444	0.061791
1445	0.049751
1446	0.023095
1447	0.036215
1448	0.11569
1449	0.10213
1450	0.027412
1451	0.011271
1452	0.062361
1453	0.081978
1454	0.13759
1455	0.06615
1456	0.088509
1457	0.117
1458	0.13643
1459	0.16307
1460	0.085421
1461	0.090276
1462	0.1306
1463	0.043225
1464	0.15184
1465	0.09338299999999999
1466	0.065197
1467	0.036054
1468	0.076942
1469	0.094845
1470	0.049678
1471	0.017848
1472	0.046771
1473	0.070198
1474	0.09733899999999999
1475	0.18463
1476	0.06877800000000001
1477	0.06973600000000001
1478	0.06347999999999999
1479	0.12001
1480	0.060637
1481	0.11529
1482	0.05849
1483	0.14859
1484	0.13747
1485	0.12503
1486	0.1234
1487	0.060629
1488	0.09418
1489	0.18973
1490	0.17478
1491	0.19778
1492	0.16441
1493	0.18157
1494	0.20367
1495	0.18253
1496	0.16852
1497	0.2285
1498	0.18968
1499	0.21759
1500	0.25061
1501	0.26552
1502	0.23356
1503	0.18493
1504	0.16029
1505	0.18402
1506	0.25773
1507	0.25514
1508	0.24302
1509	0.1869
1510	0.27052
1511	0.26474
1512	0.26068
1513	0.24239
1514	0.22571
1515	0.26573
1516	0.25683
1517	0.24929
1518	0.25211
1519	0.24437
1520	0.2645
1521	0.27505
1522	0.26378
1523	0.28004
1524	0.27539
1525	0.25884
1526	0.26745
1527	0.2622
1528	0.27928
1529	0.27244
1530	0.25522
1531	0.26973
1532	0.27839
1533	0.27714
1534	0.26892
1535	0.26686
1536	0.27464
1537	0.27336
1538	0.27202
1539	0.27295
1540	0.26491
1541	0.26904
1542	0.26927
1543	0.27208
1544	0.2721
1545	0.27705
1546	0.27481
1547	0.27309
1548	0.26675
1549	0.27342
1550	0.2699
1551	0.27058
1552	0.27182
1553	0.27132
1554	0.26474
1555	0.26759
1556	0.2631
1557	0.27062
1558	0.26848
1559	0.26808
1560	0.26568
1561	0.27002
1562	0.26756
1563	0.26667
1564	0.26264
1565	0.26728
1566	0.26245
1567	0.26308
1568	0.25722
1569	0.25452
1570	0.24175
1571	0.23507
1572	0.23775
1573	0.23407
1574	0.24145
1575	0.23974
1576	0.24678
1577	0.21602
1578	0.23516
1579	0.23672
1580	0.24464
1581	0.2487
1582	0.24195
1583	0.24755
1584	0.24904
1585	0.25874
1586	0.25569
1587	0.25303
1588	0.25107
1589	0.23233
1590	0.24179
1591	0.24197
1592	0.25225
1593	0.25833
1594	0.25624
1595	0.25823
1596	0.24452
1597	0.24692
1598	0.25421
1599	0.24202
1600	0.2381
1601	0.22323
1602	0.22413
1603	0.22397
1604	0.22842
1605	0.23683
1606	0.2414
1607	0.23296
1608	0.2299
1609	0.22727
1610	0.2176
1611	0.2268
1612	0.23076
1613	0.23719
1614	0.23838
1615	0.24104
1616	0.2305
1617	0.23465
1618	0.24352
1619	0.241
1620	0.23449
1621	0.2343
1622	0.23754
1623	0.24246
1624	0.24269
1625	0.23782
1626	0.23971
1627	0.24078
1628	0.24126
1629	0.24137
1630	0.23651
1631	0.23806
1632	0.23821
1633	0.23267
1634	0.23282
1635	0.23367
1636	0.23539
1637	0.227
1638	0.22007
1639	0.22026
1640	0.21511
1641	0.2196
1642	0.22082
1643	0.21535
1644	0.22355
1645	0.21822
1646	0.21749
1647	0.22768
1648	0.21655
1649	0.21867
1650	0.22526
1651	0.20855
1652	0.22373
1653	0.22277
1654	0.21583
1655	0.22231
1656	0.22101
1657	0.22223
1658	0.22487
1659	0.2212
1660	0.22332
1661	0.22384
1662	0.21908
1663	0.22235
1664	0.22098
1665	0.21178
1666	0.17884
1667	0.21068
1668	0.21459
1669	0.21516
1670	0.22168
1671	0.21879
1672	0.21147
1673	0.21629
1674	0.21575
1675	0.2136
1676	0.21145
1677	0.21229
1678	0.20915
1679	0.21303
1680	0.20558
1681	0.19447
1682	0.20366
1683	0.20906
1684	0.19797
1685	0.21321
1686	0.21026
1687	0.20484
1688	0.21013
1689	0.20718
1690	0.20523
1691	0.19303
1692	0.20708
1693	0.21134
1694	0.20477
1695	0.20968
1696	0.20922
1697	0.18107
1698	0.20739
1699	0.20551
1700	0.19975
1701	0.2010416655829945
1702	0.20396
1703	0.2039408240527442
1704	0.2013486116553407
1705	0.19778
1706	0.1945654402422795
1707	0.1919706393911255
1708	0.1899951184188319
1709	0.1886383982976922
1710	0.1879
1711	0.1877489159389009
1712	0.1880320242909471
1713	0.1885656746735429
1714	0.1891662167040925
1715	0.18965
1716	0.1898580960021173
1717	0.1897304634450863
1718	0.1892317828869966
1719	0.188326734885938
1720	0.18698
1721	0.1852018200526302
1722	0.1831846819287079
1723	0.1811666337784706
1724	0.1793857237521555
1725	0.17808
1726	0.177383983787362
1727	0.1770180888400819
1728	0.1765992019991209
1729	0.1757442101054399
1730	0.17407
1731	0.1713657647979218
1732	0.1681099227109642
1733	0.1649531982250457
1734	0.1625463158260848
1735	0.16154
1736	0.1623280770209508
1737	0.1642767803160612
1738	0.1664954451006962
1739	0.1680934065902207
1740	0.16818
1741	0.166184887118275
1742	0.1628190360247911
1743	0.1591137413721697
1744	0.1561002978130322
1745	0.15481
1746	0.1559170145059492
1747	0.1586669955847745
1748	0.1619484694106252
1749	0.1646499621576506
1750	0.16566
1751	0.1642396948579281
1752	0.1611405016361109
1753	0.1574864609853295
1754	0.1544016135563655
1755	0.15301
1756	0.1540291660623384
1757	0.1565506778707821
1758	0.1592596066480566
1759	0.1608410236168874
1760	0.15998
1761	0.1558402008927184
1762	0.1494996668807608
1763	0.142515032422444
1764	0.1364429319760848
1765	0.13284
1766	0.1327458703667882
1767	0.1351321746061749
1768	0.1384535436621675
1769	0.1411646084787734
1770	0.14172
1771	0.1390284776401291
1772	0.1338153146945399
1773	0.1272599129288862
1774	0.1205416741088217
1775	0.11484
1776	0.1109954190726956
1777	0.1084929666156657
1778	0.1064788046222878
1779	0.10409909508594
1780	0.1005
1781	0.09516889406908845
1782	0.08895800284279755
1783	0.08306076458196246
1784	0.07867061754741823
1785	0.07698099999999999
1786	0.07869009265095063
1787	0.08251504601314415
1788	0.08667775304986235
1789	0.08940010672438703
1790	0.088904
1791	0.08397947132710903
1792	0.07568914110462586
1793	0.06566377521858816
1794	0.05553413955503364
1795	0.046931
1796	0.04106863004061323
1797	0.03749533356835244
1798	0.03534292207578504
1799	0.03374320705547842
1800	0.031828
1801	0.02895056851043806
1802	0.0253500046219644
1803	0.02148685647827171
1804	0.01782167222305268
1805	0.014815
1806	0.01279868871763455
1807	0.01158979034378997
1808	0.01087665761112813
1809	0.01034764325231085
1810	0.009691099999999999
1811	0.008672931019023762
1812	0.007369241202875716
1813	0.005933685877215791
1814	0.004519920367703909
1815	0.0032816
1816	0.002339483606270409
1817	0.001682744044707164
1818	0.001267657680008714
1819	0.00105050087687351
1820	0.00098755
1821	0.001033632155894605
1822	0.001137777418295631
1823	0.001247566602749353
1824	0.001310580524802051
1825	0.0012744
1826	0.001104480202951172
1827	0.000837773744510315
1828	0.0005291075945938725
1829	0.0002333087231182865
1830	5.2041e-06
1831	-0.0001147202620992926
1832	-0.0001433421795368909
1833	-0.0001118804259248429
1834	-5.155377487519665e-05
1835	6.419e-06
1836	3.747308546999852e-05
1837	4.365950982924863e-05
1838	3.368326175349945e-05
1839	1.624932991850018e-05
1840	6.2703e-08
1841	-8.06161389270154e-06
1842	-8.86854991610356e-06
1843	-4.993017793154805e-06
1844	9.300697531959667e-07
1845	6.2658e-06
1846	8.947957452807634e-06
1847	9.185115531165614e-06
1848	7.754544883119775e-06
1849	5.433516156715957e-06
1850	2.9993e-06
1851	1.100759697471005e-06
1852	-1.268709205588909e-07
1853	-6.767653873242882e-07
1854	-5.42097236059791e-07
1855	2.8396e-07
1856	1.777248717308345e-06
1857	3.789675031069949e-06
1858	6.14216098617738e-06
1859	8.655628627523209e-06
1860	1.1151e-05
1861	1.344834367329562e-05
1862	1.53643143162791e-05
1863	1.671471312261477e-05
1864	1.731534128596696e-05
1865	1.6982e-05
1866	1.557162224246919e-05
1867	1.310566812749367e-05
1868	9.646729553283554e-06
1869	5.25739841804896e-06
1870	2.6662e-10
1871	-5.765176845252364e-06
1872	-1.049185459249376e-05
1873	-1.233579213910898e-05
1874	-9.453015002482796e-06
1875	4.513e-10
1876	1.680568343342028e-05
1877	3.749216679272139e-05
1878	5.752648895531237e-05
1879	7.237523749860223e-05
1880	7.7505e-05
1881	7.034388734021128e-05
1882	5.616610361312821e-05
1883	4.220737621593948e-05
1884	3.570343254583385e-05
1885	4.389e-05
1886	7.13219982713346e-05
1887	0.0001118311162355658
1888	0.0001565682350641297
1889	0.0001966842359284624
1890	0.00022333
1891	0.0002299338795744504
1892	0.0002190341114446086
1893	0.0001954464035275417
1894	0.0001639864637403165
1895	0.00012947
1896	9.608290111086398e-05
1897	6.549177942599976e-05
1898	3.873342818570357e-05
1899	1.684464063027158e-05
1900	8.6221e-07
1901	-8.539202497906285e-06
1902	-1.213346378860769e-05
1903	-1.105657283035596e-05
1904	-6.444528581402814e-06
1905	5.6667e-07
1906	8.770583840761163e-06
1907	1.6679013408431e-05
1908	2.273331905572026e-05
1909	2.537486113533968e-05
1910	2.3045e-05
1911	1.528649393486164e-05
1912	6.047692954883688e-06
1913	3.783450074749192e-07
1914	3.328198040044107e-06
1915	1.9947e-05
1916	5.501148745979229e-05
1917	0.0001122063514920342
1918	0.0001949432717943801
1919	0.0003066339280644839
1920	0.00045069
1921	0.0006238054842259693
1922	0.0007958036450769794
1923	0.0009297900638150049
1924	0.0009888703217020203
1925	0.00093615
1926	0.0007575201596363307
1927	0.0005300137802000482
1928	0.0003534493209456002
1929	0.000327645241127435
1930	0.00055242
1931	0.001084911077228708
1932	0.001811532034122828
1933	0.002576015452402594
1934	0.00322209391378824
1935	0.0035935
1936	0.003593334411448838
1937	0.003362170323308639
1938	0.003099949029444023
1939	0.003006611823719604
1940	0.0032821
1941	0.004075739916975942
1942	0.005334398192642613
1943	0.006954326509821315
1944	0.008831776551333343
1945	0.010863
1946	0.01292050832064739
1947	0.01478185210612091
1948	0.01620084173127072
1949	0.01693128757094702
1950	0.016727
1951	0.01547753400043447
1952	0.01361542298287376
1953	0.01170894496509581
1954	0.01032637796487858
1955	0.010036
1956	0.01122248367761471
1957	0.01353607996238404
1958	0.01644343440834602
1959	0.01941119256953867
1960	0.021906
1961	0.0235540592891067
1962	0.02461980116759007
1963	0.0255272134015201
1964	0.02670028375696675
1965	0.028563
1966	0.03142563916595851
1967	0.03514363536725567
1968	0.03945871198557357
1969	0.04411259240259433
1970	0.048847
1971	0.05342901604705929
1972	0.05772715336338727
1973	0.0616352826561856
1974	0.06504727463265596
1975	0.067857
1976	0.07000916864580434
1977	0.07165184717919526
1978	0.07298394138968403
1979	0.07420435706678187
1980	0.075512
1981	0.07704771736972338
1982	0.07872012191983169
1983	0.08037976778507828
1984	0.08187720910021662
1985	0.083063
1986	0.08383990587530217
1987	0.084319537141478
1988	0.08466571547000279
1989	0.0850422625323517
1990	0.08561299999999999
1991	0.08641436312906797
1992	0.08697324151425627
1993	0.08668913833491057
1994	0.08496155677037658
1995	0.08119
1996	0.07499397760842591
1997	0.06687302480149689
1998	0.05754668319035492
1999	0.04773449438614197
2000	0.038156
2001	0.0294991264372284
2002	0.02232533927975617
2003	0.01716448890366975
2004	0.01454642568505556
2005	0.015001
2006	0.0187207806426605
2007	0.02454921007947842
2008	0.03099244919496608
2009	0.03655665887363582
2010	0.039748
2011	0.03954319899212958
2012	0.03680124440233015
2013	0.03285169031646593
2014	0.02902409082040115
2015	0.026648
2016	0.02674822338882116
2017	0.02913057231120097
2018	0.03329610953917019
2019	0.03874589784475961
2020	0.044981
2021	0.05153077145258579
2022	0.058037738352866
2023	0.06417271952685331
2024	0.06960653380056042
2025	0.07401000000000001
2026	0.07718037880083572
2027	0.07942069827733508
2028	0.08116042835341658
2029	0.08282903895299873
2030	0.084856
2031	0.08751868934407139
2032	0.09048611653779372
2033	0.09327519905948037
2034	0.0954028543874447
2035	0.096386
2036	0.09592199182287879
2037	0.09442993957149004
2038	0.09250939140866192
2039	0.09075989549722255
2040	0.089781
2041	0.08996140736441349
2042	0.09084643717624608
2043	0.09177056330587195
2044	0.09206825962366522
2045	0.091074
2046	0.0883182347194673
2047	0.08411531972352562
2048	0.07897558736785028
2049	0.07340937000811663
2050	0.067927
2051	0.06300098175771729
2052	0.05895250792965143
2053	0.05606494322272695
2054	0.05462165234386832
2055	0.054906
2056	0.05701761424966356
2057	0.06032117655786864
2058	0.06399763174124194
2059	0.06722792461641017
2060	0.069193
2061	0.0693178172436285
2062	0.06800339383887402
2063	0.0658947618123053
2064	0.06363695319049106
2065	0.061875
2066	0.06111470877582248
2067	0.06130498408663528
2068	0.06225550500953687
2069	0.06377595062162562
2070	0.065676
2071	0.06779120365308161
2072	0.07006059781458483
2073	0.07244909014954726
2074	0.07492158832300647
2075	0.077443
2076	0.07995628461185107
2077	0.08231660865502535
2078	0.08435719039227409
2079	0.08591124808634855
2080	0.086812
2081	0.08696804989951407
2082	0.08658954356531375
2083	0.08596201228135637
2084	0.08537098733159935
2085	0.085102
2086	0.0853647317900927
2087	0.08606546508371971
2088	0.08703463248230041
2089	0.08810266658725406
2090	0.0891
2091	0.08987831094011521
2092	0.09037426009980741
2093	0.09054575378944199
2094	0.0903506983193844
2095	0.08974699999999999
2096	0.08874862444944649
2097	0.08759377451705068
2098	0.08657671235993161
2099	0.08599170013520838
2100	0.086133
2101	0.08717583126209881
2102	0.08881924183198989
2103	0.09064323677083158
2104	0.09222782113978217
2105	0.093153
2106	0.09313050650215828
2107	0.09239898615498975
2108	0.09132881255674209
2109	0.09029035930566295
2110	0.089654
2111	0.0896797587292681
2112	0.09018626154805109
2113	0.09088178500220002
2114	0.09147460563756599
2115	0.091673
2116	0.09127364258076934
2117	0.09042679965280589
2118	0.08937113543445778
2119	0.08834531414407312
2120	0.087588
2121	0.08727745494765461
2122	0.08735033184072537
2123	0.08768288125996886
2124	0.08815135378614157
2125	0.088632
2126	0.08902416962861226
2127	0.0893196089842926
2128	0.08953316352566679
2129	0.08967967871136068
2130	0.08977400000000001
2131	0.08983146653789638
2132	0.08986939222210427
2133	0.08990558463736401
2134	0.08995785136841583
2135	0.090044
2136	0.0901751242198023
2137	0.09033546212729034
2138	0.09050253792487722
2139	0.09065387581497608
2140	0.090767
2141	0.09081554058289447
2142	0.09075755126873439
2143	0.09054719166312711
2144	0.09013862137167987
2145	0.089486
2146	0.08857293744861985
2147	0.08750084479777206
2148	0.08640058342261435
2149	0.08540301469830444
2150	0.08463900000000001
2151	0.08420690162262616
2152	0.08407508554017737
2153	0.08417941864641551
2154	0.08445576783510245
2155	0.08484
2156	0.08525226406087558
2157	0.08554983704151849
2158	0.08557427799172362
2159	0.08516714596128584
2160	0.08416999999999999
2161	0.08251657013387158
2162	0.08050927029374867
2163	0.07854268538668996
2164	0.07701140031975418
2165	0.07631
2166	0.0766965434036381
2167	0.07788298578348683
2168	0.07944475646151652
2169	0.08095728475969746
2170	0.081996
2171	0.08225813625157603
2172	0.081928146572304
2173	0.08131228876724396
2174	0.08071682064145595
2175	0.08044800000000001
2176	0.08070876759005778
2177	0.08128879592729715
2178	0.08187444046950765
2179	0.08215205667447877
2180	0.08180800000000001
2181	0.08064674538819293
2182	0.07894524571850742
2183	0.07709857335472545
2184	0.07550180066062899
2185	0.07455000000000001
2186	0.07452444285717057
2187	0.07525119719867321
2188	0.07644253011159056
2189	0.07781070868300528
2190	0.079068
2191	0.07996964318312484
2192	0.08044276548679978
2193	0.08045746619891231
2194	0.07998384460734989
2195	0.07899200000000001
2196	0.07749994441033012
2197	0.07571734085412769
2198	0.07390176509276022
2199	0.07231079288759518
2200	0.071202
2201	0.07076979517555472
2202	0.07095591909668943
2203	0.07163894543004679
2204	0.07269744784226943
2205	0.07401000000000001
2206	0.07544862688745105
2207	0.0768591587591146
2208	0.07808087718705264
2209	0.07895306374332711
2210	0.079315
2211	0.07907338527464115
2212	0.07840458986685221
2213	0.07755240182174267
2214	0.0767606091844221
2215	0.07627299999999999
2216	0.07625976001398434
2217	0.07659666577347657
2218	0.07708589152597668
2219	0.07752961151898451
2220	0.07772999999999999
2221	0.07754759066942152
2222	0.07707635503924144
2223	0.07646862407435059
2224	0.07587672873963985
2225	0.07545300000000001
2226	0.07530644530832958
2227	0.07537277806955764
2228	0.0755443881766209
2229	0.07571366552245612
2230	0.07577299999999999
2231	0.07564394009726018
2232	0.075364668682528
2233	0.07500252721916574
2234	0.07462485717053566
2235	0.074299
2236	0.07407081030262971
2237	0.07390019520033032
2238	0.0737255749467161
2239	0.07348536979540125
2240	0.073118
2241	0.07259084269222102
2242	0.07198710251615069
2243	0.07141894099396985
2244	0.07099851964785935
2245	0.070838
2246	0.07100216292848625
2247	0.07136626673506694
2248	0.07175818907740451
2249	0.07200580761316139
2250	0.071937
2251	0.07143458559383398
2252	0.07060115054358154
2253	0.06959422269641213
2254	0.06857132989949515
2255	0.06769
2256	0.06707583069617785
2257	0.06672669909060687
2258	0.06660855213694696
2259	0.06668733678885803
2260	0.066929
2261	0.06728947562145463
2262	0.067684645093991
2263	0.06802037675580005
2264	0.06820253894507275
2265	0.068137
2266	0.06776217081800368
2267	0.06714663253342917
2268	0.06639150883985284
2269	0.06559792343085101
2270	0.06486699999999999
2271	0.0642864971065307
2272	0.0638907127722923
2273	0.06370057988478856
2274	0.06373703133152321
2275	0.06402099999999999
2276	0.06454463275587351
2277	0.06518493237740158
2278	0.06579011562099291
2279	0.06620839924305616
2280	0.066288
2281	0.06593142786997529
2282	0.06525836571810137
2283	0.06444278963123984
2284	0.06365867569625219
2285	0.06308
2286	0.0628316397642254
2287	0.06284207675019295
2288	0.06299069385404781
2289	0.06315687397193509
2290	0.06322
2291	0.06308742907312311
2292	0.06277841528112682
2293	0.06234018695256897
2294	0.06181997241600742
2295	0.061265
2296	0.06071611594328217
2297	0.06018863812529978
2298	0.05969150233567631
2299	0.05923364436403523
2300	0.058824
2301	0.05848237915374822
2302	0.05827208821767404
2303	0.05826730770472576
2304	0.05854221812785165
2305	0.059171
2306	0.06017703944172496
2307	0.06138054500400405
2308	0.06255093084542067
2309	0.06345761112455819
2310	0.06387
2311	0.06361906307935197
2312	0.06278197176630976
2313	0.06149744891359159
2314	0.05990421737391562
2315	0.058141
2316	0.0563497242408672
2317	0.05468513593075688
2318	0.05330518550021294
2319	0.05236782337977934
2320	0.052031
2321	0.05238331995717922
2322	0.05323600451066272
2323	0.05433092908555662
2324	0.05540996910696701
2325	0.056215
2326	0.05656572393041594
2327	0.05659315002659224
2328	0.05650611415756057
2329	0.05651345219235261
2330	0.056824
2331	0.05754845632115704
2332	0.05840497138296832
2333	0.05901355828420109
2334	0.05899423012362258
2335	0.057967
2336	0.05572326678495595
2337	0.05273997244153449
2338	0.04966544470563505
2339	0.04714801131315709
2340	0.045836
2341	0.04614854853901918
2342	0.04758803485089374
2343	0.04942764689325869
2344	0.0509405726237491
2345	0.0514
2346	0.05031175505896733
2347	0.04811221615489058
2348	0.04547039972133018
2349	0.04305532219184652
2350	0.041536
2351	0.04139490322511151
2352	0.04236831652954393
2353	0.04400597822142058
2354	0.04585762660886483
2355	0.047473
2356	0.04851376004058661
2357	0.04908926172693371
2358	0.0494207833929875
2359	0.0497296033726942
2360	0.050237
2361	0.05105154461254205
2362	0.05183098056272124
2363	0.0521203442066294
2364	0.05146467190035838
2365	0.049409
2366	0.0457272455092452
2367	0.04110884802218134
2368	0.03647212778049488
2369	0.03273540502587228
2370	0.030817
2371	0.03134328135047715
2372	0.03377281134855341
2373	0.03727220067139109
2374	0.04100805999615251
2375	0.044147
2376	0.04602229308884619
2377	0.04663385858360502
2378	0.04614827753394075
2379	0.04473213098951766
2380	0.042552
2381	0.0398128982941381
2382	0.03687357031702652
2383	0.03413119319284588
2384	0.03198294404577684
2385	0.030826
2386	0.03092391373460143
2387	0.03200574014828892
2388	0.0336669096946757
2389	0.03550285282737499
2390	0.037109
2391	0.03818527076745619
2392	0.0388495410898178
2393	0.03932417602845132
2394	0.03983154064472323
2395	0.040594
2396	0.04173899519557384
2397	0.04301427149243988
2398	0.04407265019151901
2399	0.0445669525937321
2400	0.04415
2401	0.04261344445024847
2402	0.04030426094042266
2403	0.03770825520547264
2404	0.0353112329803484
2405	0.033599
2406	0.03290936300343229
2407	0.03298813274586943
2408	0.03343312098659044
2409	0.03384213948487429
2410	0.033813
2411	0.03305776753602238
2412	0.03174552007609958
2413	0.0301595888481656
2414	0.02858330508015441
2415	0.0273
2416	0.0265241668524782
2417	0.02619494694973223
2418	0.02618264362074716
2419	0.02635756019450806
2420	0.02659
2421	0.02682228505406483
2422	0.0272848121249715
2423	0.02827999666884577
2424	0.03011025414181335
2425	0.033078
2426	0.0372419329312625
2427	0.04168588455038176
2428	0.04524996970386978
2429	0.04677430323823853
2430	0.045099
2431	0.03959814322088521
2432	0.03178168967350146
2433	0.02369356451567511
2434	0.01737769290523251
2435	0.014878
2436	0.01753512618519666
2437	0.02387657275561239
2438	0.03172655623342978
2439	0.03890929314083145
2440	0.043249
2441	0.04316708003832815
2442	0.039473683304049
2443	0.03357614655060578
2444	0.02688180653144171
2445	0.020798
2446	0.01645060166149076
2447	0.01383963802819161
2448	0.01268367356414709
2449	0.01270127273340171
2450	0.013611
2451	0.01515671331570883
2452	0.01718344458318455
2453	0.01956151919280584
2454	0.02216126253495143
2455	0.024853
2456	0.02749273707567392
2457	0.02987919963907019
2458	0.03179679366462952
2459	0.03302992512679256
2460	0.033363
2461	0.0326617543815955
2462	0.03111724486053466
2463	0.02900185814867607
2464	0.02658798095787832
2465	0.024148
2466	0.02191939739794409
2467	0.02000003691879117
2468	0.0184528777406662
2469	0.01734087904169416
2470	0.016727
2471	0.01661917602662813
2472	0.01680524746430066
2473	0.01701803088865912
2474	0.01699034287534505
2475	0.016455
2476	0.01523463849554339
2477	0.01351117322400621
2478	0.01155633870469733
2479	0.009641869456925637
2480	0.0080395
2481	0.006952087591198313
2482	0.006306980439674513
2483	0.005962649492551559
2484	0.005777565696952404
2485	0.0056102
2486	0.005346428739663363
2487	0.004981749817295735
2488	0.004539066525096429
2489	0.00404128215526475
2490	0.0035113
2491	0.002985600650148242
2492	0.002554973891142542
2493	0.002323786807062722
2494	0.002396406481988602
2495	0.0028772
2496	0.003806595059743671
2497	0.004969261818134094
2498	0.006085931046652681
2499	0.006877333516780846
2500	0.0070642
2501	0.006466165510877075
2502	0.005298482036321084
2503	0.003875305806326554
2504	0.002510793050888016
2505	0.0015191
2506	0.001126926096748026
2507	0.001211143636581571
2508	0.001561168128041104
2509	0.001966415079667091
2510	0.0022163
2511	0.00215427010213082
2512	0.00183989941735263
2513	0.00138679368150903
2514	0.0009085586304436197
2515	0.0005188
2516	0.0003031010147286933
2517	0.0002349548540079086
2518	0.0002598321859227774
2519	0.0003232036785584308
2520	0.00037054
2521	0.0003599776229544068
2522	0.0003003162386157354
2523	0.0002130213427998607
2524	0.0001195584313226573
2525	4.1393e-05
2526	-5.05493110632052e-06
2527	-2.354724495085048e-05
2528	-2.289130024222016e-05
2529	-1.189445568905989e-05
2530	6.3593e-07
2531	7.66963091087532e-06
2532	9.284952307666462e-06
2533	7.337332249019941e-06
2534	3.68220879358228e-06
2535	1.7502e-07
2536	-1.724166217180757e-06
2537	-2.136762519815374e-06
2538	-1.579551713859611e-06
2539	-5.693166052692326e-07
2540	3.7716e-07
2541	8.545695879117053e-07
2542	9.035008121070301e-07
2543	6.760166181465021e-07
2544	3.241799515906494e-07
2545	5.3758e-11
2546	-1.772372786403042e-07
2547	-2.203215206466667e-07
2548	-1.747655919108771e-07
2549	-8.613611632472502e-08
2550	2.8222e-13
2551	4.769769356663162e-08
2552	5.949306249899698e-08
2553	4.754404753604652e-08
2554	2.400830719673072e-08
2555	1.0435e-09
2556	-1.175487944974226e-08
2557	-1.503999220628118e-08
2558	-1.202716323794896e-08
2559	-5.93171751307783e-09
2560	3.102e-11
2561	3.323182776617413e-09
2562	4.116738066767714e-09
2563	3.261111564109309e-09
2564	1.605728962300602e-09
2565	1.5955e-14
2566	-8.861729170351853e-10
2567	-1.101267724652029e-09
2568	-8.732696915986998e-10
2569	-4.30180041623367e-10
2570	1.5258e-18
2571	2.374515078310858e-10
2572	2.950847221965927e-10
2573	2.339921832568765e-10
2574	1.152664296464936e-10
2575	1.0786e-27
2576	-6.362493955552766e-11
2577	-7.906771292293153e-11
2578	-6.269801651253335e-11
2579	-3.088554673465487e-11
2580	3.8214e-22
2581	1.704825117288242e-11
2582	2.118612982565692e-11
2583	1.679988289214306e-11
2584	8.275757305778268e-12
2585	1.7194e-34
2586	-4.568065134556037e-12
2587	-5.676806378461085e-12
2588	-4.501515055088114e-12
2589	-2.217482487810095e-12
2590	5.4793e-31
2591	1.224009365537377e-12
2592	1.521095688269963e-12
2593	1.206177328233859e-12
2594	5.941726454651699e-13
2595	2.2838e-33
2596	-3.279723275934714e-13
2597	-4.075763746187635e-13
2598	-3.2319425784732e-13
2599	-1.592080940505841e-13
2600	4.4912e-28
2601	8.787994483650893e-14
2602	1.092098102050928e-13
2603	8.659970315542244e-14
2604	4.265973073716806e-14
2605	5.8053e-35
2606	-2.35474517525627e-14
2607	-2.92628662016064e-14
2608	-2.320455477436874e-14
2609	-1.143082889808739e-14
2610	5.9447e-34
2611	6.309862173742079e-15
2612	7.841654601332829e-15
2613	6.218515942052536e-15
2614	3.063584855181496e-15
2615	1.1196e-37
2616	-1.691996942405623e-15
2617	-2.10375220372492e-15
2618	-1.669508993841398e-15
2619	-8.235105226385689e-16
2620	5.6505e-29
2621	4.581255958805126e-16
2622	5.733542135670142e-16
2623	4.595200333133207e-16
2624	2.304572353731917e-16
2625	3.8687e-28
2626	-1.405054411155566e-16
2627	-1.896646505419917e-16
2628	-1.685711394104937e-16
2629	-9.831841885263798e-17
2630	2.8026e-45
2631	1.070183285832066e-16
2632	2.102816686022151e-16
2633	2.990628443296202e-16
2634	3.626346800380169e-16
2635	3.9027e-16
2636	3.752700467829282e-16
2637	3.270497361332151e-16
2638	2.590524020920378e-16
2639	1.847213787005737e-16
2640	1.175e-16
2641	6.797036332508057e-17
2642	3.526961918492486e-17
2643	1.567368138222887e-17
2644	5.458463719688586e-18
2645	8.998800000000001e-19
2646	-1.185920003250435e-18
2647	-1.821842632914422e-18
2648	-1.490558260953189e-18
2649	-6.747372593279704e-19
2650	1.4295e-19
2651	5.809058079316916e-19
2652	6.618231068168852e-19
2653	5.094675018675626e-19
2654	2.476045982957067e-19
2655	1.3133e-27
2656	-1.360418641635339e-19
2657	-1.690612944021084e-19
2658	-1.34059765965596e-19
2659	-6.603875541716904e-20
2660	2.6068e-25
2661	3.645249580525113e-20
2662	4.529992360797431e-20
2663	3.592120778007191e-20
2664	1.769501201344633e-20
2665	1.1123e-37
2666	-9.767131971941009e-21
2667	-1.213755722835594e-20
2668	-9.624416498800377e-21
2669	-4.740850512829871e-21
2670	0
2671	2.616165550672908e-21
2672	3.250361612329489e-21
2673	2.576474898649614e-21
2674	1.26839212331316e-21
2675	0
2676	-6.975302307506238e-22
2677	-8.638892209620075e-22
2678	-6.814830957980787e-22
2679	-3.327179804227667e-22
2680	0
2681	1.739553723295872e-22
2682	2.051952715185408e-22
2683	1.494574845427005e-22
2684	6.247979837790689e-23
2685	0
2686	1.708741514082788e-24
2687	4.310813554230835e-23
2688	8.365315983609258e-23
2689	8.279879214685113e-23
2690	1.0226e-29
2691	-1.807903210425655e-22
2692	-3.776277882450301e-22
2693	-4.840700908350991e-22
2694	-3.936749282664778e-22
2695	7.1284e-33
2696	7.214525813634528e-22
2697	1.46740305050598e-21
2698	1.852627228969631e-21
2699	1.49190093828933e-21
2700	0
2701	-2.705019999148561e-21
2702	-5.491984411547034e-21
2703	-6.926438824371228e-21
2704	-5.573928824796945e-21
2705	2.9315e-42
2706	1.009862741523444e-20
2707	2.050053459568369e-20
2708	2.585312806851574e-20
2709	2.080381436089851e-20
2710	1.125e-35
2711	-3.768948935333318e-20
2712	-7.651015150353973e-20
2713	-9.648606512137969e-20
2714	-7.764130887761307e-20
2715	3.8557e-26
2716	1.406593953907703e-19
2717	2.855401673482913e-19
2718	3.600912570332271e-19
2719	2.897615670492418e-19
2720	5.6052e-45
2721	-5.249421115100602e-19
2722	-1.065603714873402e-18
2723	-1.343721327481713e-18
2724	-1.081031466726683e-18
2725	7.2935e-22
2726	1.965204767990654e-18
2727	4.017559083273627e-18
2728	5.148336754561272e-18
2729	4.348082240565944e-18
2730	6.0734e-19
2731	-6.303024549652559e-18
2732	-1.349086215582111e-17
2733	-1.728370260716338e-17
2734	-1.40090756923371e-17
2735	5.4888e-21
2736	2.555475042263823e-17
2737	5.192262609416003e-17
2738	6.551532207459582e-17
2739	5.273904462397612e-17
2740	2.3314e-27
2741	-9.558424933257832e-17
2742	-1.940507161320745e-16
2743	-2.447250569497488e-16
2744	-1.969329283391934e-16
2745	1.3146e-23
2746	3.567850794777144e-16
2747	7.242814567297316e-16
2748	9.133852995013081e-16
2749	7.349927623917008e-16
2750	1.6648e-28
2751	-1.331556018832339e-15
2752	-2.703075068298062e-15
2753	-3.408816108347549e-15
2754	-2.743038098931346e-15
2755	6.7262e-44
2756	4.969439002583025e-15
2757	1.008801881930259e-14
2758	1.272187913473064e-14
2759	1.023715963343913e-14
2760	0
2761	-1.854619999149965e-14
2762	-3.76490002089121e-14
2763	-4.747870043057444e-14
2764	-3.82056004348238e-14
2765	2.6777e-27
2766	6.921536096348719e-14
2767	1.405079820168888e-13
2768	1.771929225893857e-13
2769	1.425852421101563e-13
2770	8.3791e-24
2771	-2.58315243848228e-13
2772	-5.243829278377869e-13
2773	-6.612929898998804e-13
2774	-5.321353679740904e-13
2775	3.999e-38
2776	9.64045614461133e-13
2777	1.957023729361341e-12
2778	2.467979037030984e-12
2779	1.985956229800417e-12
2780	4.8067e-34
2781	-3.597867213992012e-12
2782	-7.303711989605769e-12
2783	-9.210623158223517e-12
2784	-7.411689551227507e-12
2785	3.8866e-27
2786	1.342742421510693e-11
2787	2.725783201786174e-11
2788	3.437453988306311e-11
2789	2.766086428550963e-11
2790	1.217e-16
2791	-5.011162034683569e-11
2792	-1.017272901210412e-10
2793	-1.282870648368289e-10
2794	-1.03231121708411e-10
2795	3.6205e-16
2796	1.870333189218358e-10
2797	3.797581201811031e-10
2798	4.791312467994525e-10
2799	3.861091797485345e-10
2800	1.6484e-12
2801	-6.952239968089077e-10
2802	-1.413198456378571e-09
2803	-1.782894809743781e-09
2804	-1.434932887939327e-09
2805	6.7478e-14
2806	2.603433481971394e-09
2807	5.304280417599982e-09
2808	6.743670603442872e-09
2809	5.562666358057174e-09
2810	4.0233e-10
2811	-9.032764133524669e-09
2812	-1.878399363072536e-08
2813	-2.38292240611637e-08
2814	-1.914632099440136e-08
2815	2.8685e-10
2816	3.55367363048633e-08
2817	7.184703711254945e-08
2818	9.050576456780394e-08
2819	7.28009308153723e-08
2820	2.0548e-11
2821	-1.303794983179285e-07
2822	-2.562718289154724e-07
2823	-2.993611911540523e-07
2824	-1.813523323950879e-07
2825	1.7605e-07
2826	8.159930777988507e-07
2827	1.64103224928534e-06
2828	2.518574881872404e-06
2829	3.316028342972979e-06
2830	3.9008e-06
2831	4.148349409778526e-06
2832	3.966344886782112e-06
2833	3.270506934896435e-06
2834	1.976556058007171e-06
2835	2.1276e-10
2836	-2.556696355952956e-06
2837	-4.847920289533789e-06
2838	-5.841101941138143e-06
2839	-4.503884211161664e-06
2840	1.9609e-07
2841	8.733619337873298e-06
2842	1.935326863167304e-05
2843	2.974204425653614e-05
2844	3.758695258759948e-05
2845	4.0575e-05
2846	3.718878529757976e-05
2847	2.909327699900162e-05
2848	1.87490360516336e-05
2849	8.616623402843717e-06
2850	1.1566e-06
2851	-1.887379488192358e-06
2852	-1.639285507679532e-06
2853	6.000521692947321e-08
2854	1.369615961025652e-06
2855	4.4867e-07
2856	-3.524500624810326e-06
2857	-7.294728808283487e-06
2858	-6.587638679351488e-06
2859	2.871145633053682e-06
2860	2.5356e-05
2861	6.262014446743367e-05
2862	0.0001063321757808135
2863	0.0001456395348604765
2864	0.0001696896626267596
2865	0.00016763
2866	0.0001335717289950756
2867	8.148099600502951e-05
2868	3.028768851744551e-05
2869	-1.078305980092302e-06
2870	6.3129e-06
2871	6.422740995226364e-05
2872	0.0001557761913990684
2873	0.0002569064278697414
2874	0.0003435653028936095
2875	0.0003917
2876	0.0003855343247958698
2877	0.0003423985711986967
2878	0.0002878996552035889
2879	0.000247644492805654
2880	0.00024724
2881	0.0003020058956642573
2882	0.0003861131102061446
2883	0.0004634453769159033
2884	0.0004978864290837747
2885	0.00045332
2886	0.0003128692125471014
2887	0.0001366147479767249
2888	3.876677132797792e-06
2889	-6.024929140752762e-06
2890	0.00018623
2891	0.0006256274941473375
2892	0.001219817417886956
2893	0.001842115594552906
2894	0.002365837847479237
2895	0.0026643
2896	0.002646559930863549
2897	0.002364643740475452
2898	0.00190631958465558
2899	0.001359355619223806
2900	0.00081152
2901	0.0003424193423984665
2902	-9.858997887636847e-07
2903	-0.0001798968131752269
2904	-0.00015551448437446
2905	0.00011096
2906	0.0006286401395425854
2907	0.001287897778679602
2908	0.001949419348045327
2909	0.002473891278274034
2910	0.002722
2911	0.002604967779431193
2912	0.002236160225070354
2913	0.001779478780993919
2914	0.001398824891278323
2915	0.0012581
2916	0.001465244262732644
2917	0.001904352681038982
2918	0.002403558967978997
2919	0.002790996836612675
2920	0.0028948
2921	0.00260661836963823
2922	0.00207216665077372
2923	0.001500675747090094
2924	0.001101376562270979
2925	0.0010835
2926	0.001591055058714432
2927	0.002507163115866138
2928	0.003649723643660628
2929	0.004836636114303412
2930	0.0058858
2931	0.00664550219550404
2932	0.007085579285761727
2933	0.007206255278267393
2934	0.007007754180515375
2935	0.0064903
2936	0.00567412255926941
2937	0.004659474941086955
2938	0.003566616043269797
2939	0.002515804763635093
2940	0.0016273
2941	0.001002324367418325
2942	0.0006659553498904531
2943	0.0006242341486534194
2944	0.0008832019649442577
2945	0.0014489
2946	0.002296471971057293
2947	0.003277471659351233
2948	0.004212555362116525
2949	0.004922379376587878
2950	0.0052276
2951	0.005012301348352502
2952	0.004414278812704616
2953	0.00363475560288048
2954	0.002874954928704229
2955	0.0023361
2956	0.002176200235532698
2957	0.002380409889830301
2958	0.002890669426361554
2959	0.003648919308595205
2960	0.0045971
2961	0.005655416109516706
2962	0.006657128827974181
2963	0.007413763491673301
2964	0.007736845436914949
2965	0.0074379
2966	0.006411141966400477
2967	0.004881543918272977
2968	0.003156767886945238
2969	0.001544475903745
2970	0.00035233
2971	-0.0001968691751186161
2972	-0.0002197665010660894
2973	8.213176054574568e-05
2974	0.0005073193481050541
2975	0.00085429
2976	0.0009773368940739877
2977	0.0009539509659913799
2978	0.0009174225908717781
2979	0.001001042143834785
2980	0.0013381
2981	0.002025667918822666
2982	0.003015943197100569
2983	0.004224904515967141
2984	0.005568530556555809
2985	0.0069628
2986	0.008311907110635354
2987	0.009472908485606344
2988	0.01029107630525966
2989	0.01061168274994198
2990	0.01028
2991	0.009228130038635924
2992	0.007735494060474058
2993	0.006168343062994232
2994	0.00489292804367627
2995	0.0042755
2996	0.004554071934820949
2997	0.005453704872497418
2998	0.006571221842763417
2999	0.007503445875352942
3000	0.0078472
3001	0.007329410222080284
3002	0.006197414449536266
3003	0.004828653565952104
3004	0.003600568454911962
3005	0.0028906
3006	0.002968388776857913
3007	0.003672374129357519
3008	0.004733195093428168
3009	0.005881490704999211
3010	0.0068479
3011	0.007411310670488063
3012	0.007543605033033659
3013	0.007264914060335223
3014	0.006595368725091191
3015	0.0055551
3016	0.004205328461189831
3017	0.002771633098507843
3018	0.00152068250523094
3019	0.0007191452746360245
3020	0.00063369
3021	0.001428761724752613
3022	0.002859911292934969
3023	0.004580465998741018
3024	0.006243753136364714
3025	0.0075031
3026	0.008095578799799722
3027	0.008093241409752283
3028	0.007651884619804985
3029	0.006927305219905124
3030	0.0060753
3031	0.005228800356048504
3032	0.004429276108055898
3033	0.003695331682039042
3034	0.00304557150401479
3035	0.0024986
3036	0.002073561376006266
3037	0.001791758958024124
3038	0.00167503585203885
3039	0.001745235164035717
3040	0.0020242
3041	0.002508925339926435
3042	0.003097013659847607
3043	0.003661219309805561
3044	0.004074296639842344
3045	0.004209
3046	0.003976314064287993
3047	0.003440144802585448
3048	0.002702628508738907
3049	0.00186590147659491
3050	0.0010321
3051	0.0003018221629215923
3052	-0.0002304867901893997
3053	-0.0004719198247611877
3054	-0.0003295699062219836
3055	0.00028947
3056	0.001418222404025638
3057	0.002850171718172151
3058	0.004318917830305843
3059	0.005558060628293025
3060	0.0063012
3061	0.006359203500975857
3062	0.005852009357500798
3063	0.004976823463537813
3064	0.003930851713049886
3065	0.0029113
3066	0.002088471432070938
3067	0.001525057971824656
3068	0.001256848795542905
3069	0.001319633079507436
3070	0.0017492
3071	0.002544304370740392
3072	0.003555563555200579
3073	0.004596560554290569
3074	0.005480878368920373
3075	0.0060221
3076	0.006086330284967494
3077	0.005749761407373028
3078	0.005141107387294819
3079	0.004389082244811073
3080	0.0036224
3081	0.002951318489389635
3082	0.002412270815307303
3083	0.002023233896530153
3084	0.001802184651835336
3085	0.0017671
3086	0.001914918157473968
3087	0.002158422531397759
3088	0.002389357826584566
3089	0.002499468747847582
3090	0.0023805
3091	0.001972952880714493
3092	0.00141235505910166
3093	0.0008829907971315803
3094	0.0005691443567743342
3095	0.0006551
3096	0.00125209511966806
3097	0.002179179632195601
3098	0.003182356584889111
3099	0.004007629025055082
3100	0.004401
3101	0.004187849440613269
3102	0.003511064812115939
3103	0.002592910463311974
3104	0.00165565074300534
3105	0.00092155
3106	0.0005550166378788675
3107	0.000489035279340647
3108	0.0005987346018629931
3109	0.0007592432829235595
3110	0.00084569
3111	0.0007849730478712627
3112	0.0007110691905214735
3113	0.0008097248092360532
3114	0.001266686285300422
3115	0.0022677
3116	0.003901592530636083
3117	0.005869511238573459
3118	0.007775683681192794
3119	0.009224337415874754
3120	0.009819700000000001
3121	0.009301069309584411
3122	0.007948024495184693
3123	0.006175215025992773
3124	0.004397290371200568
3125	0.0030289
3126	0.00239604303102628
3127	0.002470117180687769
3128	0.003133869814836117
3129	0.004270048299322978
3130	0.0057614
3131	0.007466704966310472
3132	0.009148873982064232
3133	0.01054685051466276
3134	0.01139957803150752
3135	0.011446
3136	0.01052808030373183
3137	0.008899864491055303
3138	0.006918418526512857
3139	0.004940808374646941
3140	0.0033241
3141	0.002346161818762198
3142	0.001968072053714557
3143	0.002071711379285818
3144	0.002538960469904719
3145	0.0032517
3146	0.004094297221219378
3147	0.004961065694086469
3148	0.005748805556343874
3149	0.006354316945734186
3150	0.0066744
3151	0.006647896496360294
3152	0.006381814769939563
3153	0.006025204795338687
3154	0.005727116547158541
3155	0.0056366
3156	0.005868446393339447
3157	0.006400412026155274
3158	0.007175994462301376
3159	0.008138691265631652
3160	0.009232000000000001
3161	0.01039411313028192
3162	0.01154200272543935
3163	0.01258733575545581
3164	0.01344177919031485
3165	0.014017
3166	0.01424788828553287
3167	0.01416222667208734
3168	0.01381102091587538
3169	0.01324527677310895
3170	0.012516
3171	0.01168242332758661
3172	0.01083668738621128
3173	0.01007915978104266
3174	0.009510208117249357
3175	0.009230199999999999
3176	0.009299053604120701
3177	0.009614889383067511
3178	0.01003537835995397
3179	0.01041819155789362
3180	0.010621
3181	0.01053450545593059
3182	0.01018153268151867
3183	0.00961793717914145
3184	0.008899574451176154
3185	0.008082300000000001
3186	0.007220142172156934
3187	0.006359820690857814
3188	0.005546228123480227
3189	0.00482425703740176
3190	0.0042388
3191	0.003816847455441674
3192	0.003513781355050076
3193	0.003267081526937642
3194	0.003014227799216804
3195	0.0026927
3196	0.002260551446076369
3197	0.001758129408941881
3198	0.001246354648769207
3199	0.0007861479257310218
3200	0.00043843
3201	0.0002464442802528478
3202	0.0001827247691824018
3203	0.0002021281179855323
3204	0.0002595109778591084
3205	0.00030973
3206	0.0003177457529122396
3207	0.0002889344743285119
3208	0.0002387763192886643
3209	0.0001827514428325445
3210	0.00013634
3211	0.0001142799880981939
3212	0.0001283407735035507
3213	0.0001895495648598105
3214	0.0003089335708107137
3215	0.00049752
3216	0.0007562917346949851
3217	0.001046054351657286
3218	0.001317569101272093
3219	0.001521597233924601
3220	0.0016089
3221	0.001543259233121866
3222	0.001340539099867307
3223	0.001029624350051816
3224	0.0006393997334908826
3225	0.00019875
3226	-0.000246714427182449
3227	-0.0005844804311265149
3228	-0.0006853092214793561
3229	-0.0004199620078881314
3230	0.0003408
3231	0.00165577407560793
3232	0.003301991424638751
3233	0.004986041735865607
3234	0.006414514698061644
3235	0.007294
3236	0.007415560524750729
3237	0.006908151932571509
3238	0.005985203078016924
3239	0.00486014281564156
3240	0.0037464
3241	0.002816736545389153
3242	0.002081246605075213
3243	0.001509357392066696
3244	0.00107049611937212
3245	0.00073409
3246	0.0004942691336926591
3247	0.0004439751671276402
3248	0.0007008526337162915
3249	0.001382546066869962
3250	0.0026067
3251	0.004402605879840212
3252	0.006446142806414228
3253	0.008324836793068138
3254	0.009626213853148033
3255	0.0099378
3256	0.008999221426946499
3257	0.007158505047215451
3258	0.004915777954011157
3259	0.002771167240537908
3260	0.0012248
3261	0.0006366068123738013
3262	0.0008057322047239693
3263	0.001391124190887237
3264	0.002051730784700337
3265	0.0024465
3266	0.0023361609235583
3267	0.001888566933888672
3268	0.001373352482439894
3269	0.001060152020660745
3270	0.0012186
3271	0.002017560693393001
3272	0.003222817659721343
3273	0.004499384279353183
3274	0.005512273932656684
3275	0.0059265
3276	0.005531645902869697
3277	0.004615575227225957
3278	0.00359072160014737
3279	0.002869518648712522
3280	0.0028644
3281	0.003852701295128211
3282	0.005571366231374827
3283	0.007622240520057335
3284	0.009607169872493231
3285	0.011128
3286	0.01187395131661746
3287	0.01188374304727474
3288	0.01128346911962328
3289	0.01019922346131456
3290	0.0087571
3291	0.007088247038401949
3292	0.005344030379526225
3293	0.003680870201449526
3294	0.002255186682248552
3295	0.0012234
3296	0.0006965845297747443
3297	0.0006044314346203627
3298	0.0008312860745786087
3299	0.001261493809691237
3300	0.0017794
3301	0.002287790842499074
3302	0.002763215881992324
3303	0.003200665500236037
3304	0.0035951300789865
3305	0.0039416
3306	0.004228224100228959
3307	0.004415785037410341
3308	0.004458223924477244
3309	0.004309481874362763
3310	0.0039235
3311	0.003279765020585089
3312	0.002459946080366312
3313	0.001571257929854992
3314	0.0007209153195624473
3315	1.6133e-05
3316	-0.0004548195185693133
3317	-0.0006794536868755895
3318	-0.000664226195897209
3319	-0.0004155937366125522
3320	5.9987e-05
3321	0.0007392798776921646
3322	0.001531930979136045
3323	0.002330806941733844
3324	0.003028774402887761
3325	0.0035187
3326	0.003737958911800655
3327	0.003801960482331408
3328	0.003870622596961833
3329	0.004103863141061505
3330	0.0046616
3331	0.005632987419105214
3332	0.006824125083538324
3333	0.007970349038418827
3334	0.008806995328866219
3335	0.0090694
3336	0.00858054421177849
3337	0.007513989583515297
3338	0.006130942849362861
3339	0.004692610743473618
3340	0.0034602
3341	0.002647010133780834
3342	0.00227471178240049
3343	0.002317068364129731
3344	0.002747843297239314
3345	0.0035408
3346	0.004637763253098178
3347	0.005852803286882743
3348	0.006968051694118219
3349	0.007765640067569131
3350	0.0080277
3351	0.007615972053826456
3352	0.006710632670068538
3353	0.005571467259397393
3354	0.004458261232484166
3355	0.0036308
3356	0.003287813331595999
3357	0.003383808432843102
3358	0.003812236868292205
3359	0.004466550202494205
3360	0.0052402
3361	0.006026809019789548
3362	0.006720684798559055
3363	0.007216306067433787
3364	0.007408151557539013
3365	0.0071907
3366	0.00651977538924581
3367	0.005596582772920682
3368	0.004683672461972649
3369	0.004043594767349744
3370	0.0039389
3371	0.004534703023227213
3372	0.00560637690975822
3373	0.006831859284675619
3374	0.007889087773062013
3375	0.008456
3376	0.008310116517845342
3377	0.007627289588046443
3378	0.006682954399324875
3379	0.005752546140402205
3380	0.0051115
3381	0.004968072505391424
3382	0.005261805538056008
3383	0.005865062318024881
3384	0.006650206065329171
3385	0.0074896
3386	0.008270184660588964
3387	0.008937209859729522
3388	0.009450502728575599
3389	0.009769890398281115
3390	0.0098552
3391	0.009699714452252718
3392	0.009430539823025901
3393	0.009208237967672724
3394	0.009193370741546369
3395	0.009546499999999999
3396	0.01034864553040016
3397	0.01136265884816687
3398	0.01227184940073349
3399	0.01275952663553341
3400	0.012509
3401	0.01132646102614662
3402	0.009509629584306614
3403	0.007479107629393294
3404	0.005655497116319981
3405	0.0044594
3406	0.00418715836501334
3407	0.00463807481460667
3408	0.005487192081693331
3409	0.006409552899186662
3410	0.0070802
3411	0.007270121513800017
3412	0.007134087157266704
3413	0.006922812043833382
3414	0.006887011286933375
3415	0.0072774
3416	0.008254835579786594
3417	0.009620744556326513
3418	0.01108669574297314
3419	0.01236425795307984
3420	0.013165
3421	0.01328116816705362
3422	0.01282771861742724
3423	0.01200028498427405
3424	0.01099450090074725
3425	0.010006
3426	0.009202570151998948
3427	0.008640616173964531
3428	0.008348697119930639
3429	0.008355372043931166
3430	0.008689199999999999
3431	0.009341042424950593
3432	0.01015097028671464
3433	0.01092135693600339
3434	0.01145457572352809
3435	0.011553
3436	0.01109443134819868
3437	0.01025838427917692
3438	0.009299801536055818
3439	0.008473625861956479
3440	0.0080348
3441	0.008164219382254694
3442	0.00874659019657769
3443	0.009592571319773344
3444	0.010512821628646
3445	0.011318
3446	0.01185206232278255
3447	0.01209215253451232
3448	0.0120487115848508
3449	0.01173218042345953
3450	0.011153
3451	0.01035062012661509
3452	0.009480526065373036
3453	0.008727211940823442
3454	0.008275171877515898
3455	0.008308899999999999
3456	0.008935359570757093
3457	0.009951390403995534
3458	0.01107630145185543
3459	0.01202940166647688
3460	0.01253
3461	0.01238857839035654
3462	0.01178031071864483
3463	0.01097154385175485
3464	0.01022862465657658
3465	0.009817899999999999
3466	0.00992727406781675
3467	0.01043088032142515
3468	0.01112440954112517
3469	0.01180355250721679
3470	0.012264
3471	0.01235590693837646
3472	0.01214728479565459
3473	0.01176060918374449
3474	0.01131835571455626
3475	0.010943
3476	0.0107319589786774
3477	0.01068241489595649
3478	0.01076649132389688
3479	0.01095631183455818
3480	0.011224
3481	0.01153639314691392
3482	0.01183918362051943
3483	0.01207277752066798
3484	0.01217758094721102
3485	0.012094
3486	0.0117916764336669
3487	0.01135719462196578
3488	0.0109063745934312
3489	0.01055503637659775
3490	0.010419
3491	0.01057602911841847
3492	0.01095166189161746
3493	0.01143338010560721
3494	0.01190866554639798
3495	0.012265
3496	0.01241860709265922
3497	0.01240067781156438
3498	0.01227114498413994
3499	0.01208994143781033
3500	0.011917
3501	0.01180053451094466
3502	0.01174188286212501
3503	0.01173066395783304
3504	0.01175649670236071
3505	0.011809
3506	0.01187663086356216
3507	0.01194319873993557
3508	0.01199135118452791
3509	0.01200373575274683
3510	0.011963
3511	0.0118609020348067
3512	0.01172564217813268
3513	0.01159453130405532
3514	0.01150488028665196
3515	0.011494
3516	0.01158476099721104
3517	0.01174227254753369
3518	0.01191720359925083
3519	0.01206022310064531
3520	0.012122
3521	0.01206874197634915
3522	0.01192881163173255
3523	0.01174611029894137
3524	0.0115645393107668
3525	0.011428
3526	0.01136575109739237
3527	0.01134848092553612
3528	0.01133223520498369
3529	0.01127305965628751
3530	0.011127
3531	0.01086530643408138
3532	0.01052004706612297
3533	0.01013849448112387
3534	0.009767921264083183
3535	0.0094556
3536	0.009237672766282106
3537	0.009105759609971989
3538	0.009040350070520819
3539	0.009021933687379767
3540	0.009031000000000001
3541	0.0090539385007902
3542	0.009100738493989074
3543	0.009187289236792852
3544	0.009329479986397753
3545	0.0095432
3546	0.009830715630557102
3547	0.01013980161407172
3548	0.01040460978230777
3549	0.01055929196702922
3550	0.010538
3551	0.01030345257698139
3552	0.009932635849724069
3553	0.009531102833976051
3554	0.009204406545485357
3555	0.009058099999999999
3556	0.009166282061517332
3557	0.009477234987032009
3558	0.009907786881788019
3559	0.01037476585102936
3560	0.010795
3561	0.01109785357694929
3562	0.0112628354021479
3563	0.01128199043887187
3564	0.01114736365039723
3565	0.010851
3566	0.01039832763068553
3567	0.009848307404376398
3568	0.009273283362724505
3569	0.00874559954738174
3570	0.008337600000000001
3571	0.008105784700308599
3572	0.008043277380346507
3573	0.008127357710230116
3574	0.008335305360075818
3575	0.0086444
3576	0.00902612236808008
3577	0.009428757474237576
3578	0.009794791396355033
3579	0.01006671021231499
3580	0.010187
3581	0.01011947542737108
3582	0.009913265522703187
3583	0.009638827904349754
3584	0.009366620190664214
3585	0.009167099999999999
3586	0.009092536722435592
3587	0.00912244683494967
3588	0.009218158586245948
3589	0.009341000225028151
3590	0.0094523
3591	0.009522888882886544
3592	0.009561608737498135
3593	0.009586804150666454
3594	0.009616819709223182
3595	0.00967
3596	0.009759382146018233
3597	0.009876773415057796
3598	0.01000867361108824
3599	0.01014158253807912
3600	0.010262
3601	0.01035766413304052
3602	0.01042126640227069
3603	0.01044673660498059
3604	0.01042800453846033
3605	0.010359
3606	0.01023710292181969
3607	0.01007349377585946
3608	0.009882803168989394
3609	0.009679661708079551
3610	0.0094787
3611	0.009298180179680737
3612	0.00917089049429147
3613	0.009133250719061833
3614	0.009221680629221466
3615	0.009472599999999999
3616	0.009899826759457367
3617	0.01042677144697466
3618	0.01095424275476327
3619	0.01138304937503459
3620	0.011614
3621	0.0115791815824898
3622	0.01133579411780988
3623	0.01097231586188507
3624	0.01057722507064018
3625	0.010239
3626	0.01002577811058345
3627	0.009924333681785805
3628	0.009901100197696435
3629	0.00992251114240471
3630	0.009955
3631	0.009974521975176402
3632	0.009995119155046896
3633	0.01004035534732919
3634	0.01013379435974099
3635	0.010299
3636	0.01054716598871095
3637	0.01084000569802662
3638	0.01112686241298681
3639	0.01135707941863134
3640	0.01148
3641	0.01146006206997982
3642	0.01132208205284664
3643	0.01110597100072357
3644	0.01085163996573366
3645	0.010599
3646	0.0103828817313698
3647	0.01021779409058681
3648	0.01011316558411892
3649	0.01007842471843402
3650	0.010123
3651	0.01024921900454099
3652	0.01043100558480612
3653	0.01063518266280075
3654	0.01082857316053025
3655	0.010978
3656	0.01105836225046624
3657	0.01107686357018872
3658	0.01104878376467809
3659	0.01098940263944497
3660	0.010914
3661	0.01083322799359406
3662	0.010739228134439
3663	0.01061951427848691
3664	0.01046160028168988
3665	0.010253
3666	0.009980328175157512
3667	0.009626603092055269
3668	0.009173943921374267
3669	0.008604469833795512
3670	0.007900300000000001
3671	0.007068316905775887
3672	0.006214456297339924
3673	0.005469417236016019
3674	0.004963898783128077
3675	0.0048286
3676	0.005146630601738942
3677	0.005810742918585034
3678	0.006666099934561655
3679	0.007557864633692186
3680	0.0083312
3681	0.008866755887268348
3682	0.00918712962831994
3683	0.009350405425737358
3684	0.009414667482103185
3685	0.009438
3686	0.009468235449187673
3687	0.009512199368135214
3688	0.009566465562488916
3689	0.009627607837895081
3690	0.0096922
3691	0.009758295915980961
3692	0.00982986969913921
3693	0.009912375524306974
3694	0.01001126756631649
3695	0.010132
3696	0.01027701768688848
3697	0.01043672823530795
3698	0.01059852994028319
3699	0.01074982109683894
3700	0.010878
3701	0.01097077573646511
3702	0.01101710055962897
3703	0.01100623751456028
3704	0.01092744964632773
3705	0.01077
3706	0.01053064736725108
3707	0.01023613352617615
3708	0.009920696001475679
3709	0.009618572317850139
3710	0.009364000000000001
3711	0.009184997994530564
3712	0.009084710935666426
3713	0.009060064879537005
3714	0.009107985882271723
3715	0.0092254
3716	0.009406263054626662
3717	0.009632649931158147
3718	0.009883665280376302
3719	0.01013841375306297
3720	0.010376
3721	0.01057651138696279
3722	0.01072396613970098
3723	0.01080336519895778
3724	0.01079970950547639
3725	0.010698
3726	0.01049185379752218
3727	0.01020935271003792
3728	0.009887194723792566
3729	0.009562077825031478
3730	0.0092707
3731	0.009041594222948493
3732	0.008870633420147342
3733	0.008745525505871947
3734	0.008653978394397702
3735	0.0085837
3736	0.00852822451068385
3737	0.00850439120937271
3738	0.008534865652719643
3739	0.008642313397377718
3740	0.0088494
3741	0.009164057334316104
3742	0.009535282542361818
3743	0.00989733908324948
3744	0.01018449041609143
3745	0.010331
3746	0.01029222855205174
3747	0.01010792582118002
3748	0.009838938814282439
3749	0.009546114538256569
3750	0.0092903
3751	0.00911870845747694
3752	0.009024018172918088
3753	0.008985273659620766
3754	0.008981519430882297
3755	0.008991799999999999
3756	0.008997904018040501
3757	0.008992596687147624
3758	0.008971387347234497
3759	0.008929785338214247
3760	0.008863299999999999
3761	0.008771838670361055
3762	0.008672900678491411
3763	0.00858838335144124
3764	0.008540184016260714
3765	0.008550200000000001
3766	0.008631403700515279
3767	0.008761067798886728
3768	0.008907540047000541
3769	0.009039168196742902
3770	0.0091243
3771	0.009141742527577839
3772	0.009112140125961676
3773	0.009066596460556599
3774	0.009036215196767682
3775	0.0090521
3776	0.009134638189173375
3777	0.009261351697266563
3778	0.009399046110773067
3779	0.00951452701618638
3780	0.009574600000000001
3781	0.009553512715728669
3782	0.009455281084972072
3783	0.009291363096351143
3784	0.009073216738486808
3785	0.0088123
3786	0.008523984547911955
3787	0.008239296762845148
3788	0.007993176703822364
3789	0.007820564429866388
3790	0.0077564
3791	0.007824295492623513
3792	0.008002551063647334
3793	0.0082581388883594
3794	0.008558031142047643
3795	0.008869200000000001
3796	0.009161985481593997
3797	0.009420198982565518
3798	0.009631019742740039
3799	0.009781627001943042
3800	0.0098592
3801	0.009855734581000508
3802	0.009782493006090603
3803	0.009655554140680445
3804	0.009490996850180193
3805	0.0093049
3806	0.00911039059440398
3807	0.008908788193072073
3808	0.008698460494538176
3809	0.008477775197336187
3810	0.0082451
3811	0.008006099841383575
3812	0.007795628621621104
3813	0.007655837481166848
3814	0.007628877560475062
3815	0.0077569
3816	0.008061719640061723
3817	0.008483806120443506
3818	0.008943292780794429
3819	0.009360312960763569
3820	0.009655
3821	0.009771547198369533
3822	0.00975038769660487
3823	0.009656014595655439
3824	0.009552920996470673
3825	0.009505599999999999
3826	0.009556381966460145
3827	0.009658946293137016
3828	0.009744809636583815
3829	0.009745488653353741
3830	0.0095925
3831	0.009245888135789884
3832	0.008779808730847063
3833	0.0082969452580093
3834	0.007899981190114359
3835	0.0076916
3836	0.007741711090380321
3837	0.007989127583474732
3838	0.008339888531378988
3839	0.008700032986188828
3840	0.0089756
3841	0.009096500302688836
3842	0.009088131335254003
3843	0.008999762216474753
3844	0.008880662065130334
3845	0.008780100000000001
3846	0.008735726098864338
3847	0.008738714275509258
3848	0.008768619402722009
3849	0.008804996353289841
3850	0.008827399999999999
3851	0.008819339301853819
3852	0.008780139562708972
3853	0.008713080172637215
3854	0.008621440521710306
3855	0.0085085
3856	0.008379577493720387
3857	0.008248149873654855
3858	0.008129733506729133
3859	0.008039844759868941
3860	0.007993999999999999
3861	0.008000758723264639
3862	0.008040852942671605
3863	0.008088057800446254
3864	0.008116148438813935
3865	0.008098899999999999
3866	0.008017653213221055
3867	0.007884011155658713
3868	0.007717142491485845
3869	0.007536215884875319
3870	0.0073604
3871	0.007205128423851142
3872	0.007070894434693538
3873	0.006954456233610362
3874	0.006852572021684791
3875	0.006762
3876	0.006680847491374375
3877	0.006612618305567133
3878	0.006562165374072706
3879	0.006534341628385519
3880	0.006534
3881	0.006563252010651359
3882	0.006613243543037927
3883	0.006672379070098813
3884	0.006729063064773135
3885	0.0067717
3886	0.006792802066020192
3887	0.006801312322281162
3888	0.006810281545532038
3889	0.006832760512521944
3890	0.0068818
3891	0.006966401325267878
3892	0.007079367967837425
3893	0.007209453947773033
3894	0.007345413285139094
3895	0.007476
3896	0.007592133432908298
3897	0.00769339420636914
3898	0.007781528263375832
3899	0.007858281546921683
3900	0.007925400000000001
3901	0.007982624143098934
3902	0.008021672806686021
3903	0.008032259398723639
3904	0.008004097327174173
3905	0.007926900000000001
3906	0.007795900394695969
3907	0.007628409766886782
3908	0.007447258941729613
3909	0.007275278744381628
3910	0.0071353
3911	0.007044331878117193
3912	0.00699609692576685
3913	0.006978496034357911
3914	0.006979430095299315
3915	0.0069868
3916	0.006990505692835261
3917	0.006988443330045815
3918	0.006980508120838741
3919	0.006966595274421111
3920	0.0069466
3921	0.006921219750541766
3922	0.006894360954049888
3923	0.006870732282287127
3924	0.006855042407016244
3925	0.006852
3926	0.006865184904997676
3927	0.006893661653754631
3928	0.006935365950012751
3929	0.006988233497513914
3930	0.0070502
3931	0.007118639829467534
3932	0.007188682030931587
3933	0.007254894317661873
3934	0.007311844402928106
3935	0.0073541
3936	0.007378211777132194
3937	0.007388662222519025
3938	0.00739191677933976
3939	0.007394440890773664
3940	0.0074027
3941	0.007421438662003694
3942	0.007448517878992312
3943	0.007480077764979083
3944	0.007512258433977238
3945	0.0075412
3946	0.007564046374853033
3947	0.007581956661511725
3948	0.007597093760743902
3949	0.007611620573317386
3950	0.0076277
3951	0.007646797438584179
3952	0.007667588274960789
3953	0.00768805039204531
3954	0.007706161672753221
3955	0.0077199
3956	0.007728011070810258
3957	0.007732311838645122
3958	0.007735387071074859
3959	0.007739821535669732
3960	0.0077482
3961	0.007762035078174798
3962	0.007778550770458724
3963	0.007793898923655253
3964	0.007804231384567855
3965	0.0078057
3966	0.007795538216490556
3967	0.00777530587951998
3968	0.007747644434304125
3969	0.007715195326058849
3970	0.0076806
3971	0.007646034455862981
3972	0.007611812911461356
3973	0.007577784139128243
3974	0.007543796911196755
3975	0.0075097
3976	0.007475781560057527
3977	0.007444087274634596
3978	0.007417102209182903
3979	0.007397311429154139
3980	0.0073872
3981	0.007388164103906915
3982	0.007397244390000261
3983	0.007410392624140148
3984	0.007423560572186691
3985	0.0074327
3986	0.007434530824314813
3987	0.007428845565364361
3988	0.007416204894256505
3989	0.007397169482099099
3990	0.0073723
3991	0.007342396598833834
3992	0.007309217348542294
3993	0.007274759798833835
3994	0.007241021499416918
3995	0.00721
3996	0.00718320278034985
3997	0.007160177040466467
3998	0.007139979910408159
3999	0.007121668520233233
4000	0.0071043
