Data from https://doi.org/10.1002/pip.3474
wavelength	n	k	
280	2.9619999	5.2919021
281	3.1005864	5.3264542
282	3.2429521	5.3566303
283	3.3878055	5.3801293
284	3.5338559	5.3946204
285	3.6798124	5.402276
286	3.824384	5.4007478
287	3.9662795	5.3922253
288	4.104208	5.3720522
289	4.2368784	5.3447094
290	4.3629999	5.3055096
291	4.454865	5.2219133
292	4.5391998	5.1306462
293	4.6163149	5.029304
294	4.6865201	4.9224715
295	4.7501249	4.8101001
296	4.8074398	4.6944981
297	4.8587751	4.5780044
298	4.9044399	4.4582481
299	4.9447451	4.3423438
300	4.98	4.227951
301	5.0103335	4.1486282
302	5.0362482	4.0734911
303	5.0580645	4.0049987
304	5.0761042	3.9383845
305	5.0906873	3.8760993
306	5.1021361	3.8181908
307	5.1107707	3.7647066
308	5.1169119	3.713244
309	5.1208816	3.6662853
310	5.1230001	3.6214116
311	5.124826	3.5811214
312	5.1253681	3.5404973
313	5.1248722	3.5045202
314	5.1235838	3.4732382
315	5.1217499	3.4416859
316	5.119616	3.4123774
317	5.1174278	3.3853371
318	5.1154318	3.3605886
319	5.113874	3.3356171
320	5.1129999	3.3129692
321	5.1182699	3.2875602
322	5.1244001	3.2644906
323	5.13132	3.2437847
324	5.1389599	3.2203093
325	5.1472502	3.2017996
326	5.1561198	3.1805205
327	5.1655002	3.1616528
328	5.1753201	3.14522
329	5.1855102	3.128628
330	5.1960001	3.111877
331	5.2044926	3.0949669
332	5.2132802	3.0805395
333	5.2224274	3.0659688
334	5.2319999	3.0539129
335	5.2420626	3.0390637
336	5.2526798	3.0267451
337	5.2639174	3.0169809
338	5.2758398	3.0044155
339	5.2885127	2.9971182
340	5.302	2.98702
341	5.3132653	2.9795237
342	5.325664	2.9719322
343	5.3394485	2.9642448
344	5.3548722	2.9591997
345	5.3721876	2.9540749
346	5.3916478	2.9516239
347	5.4135065	2.946348
348	5.4380159	2.9437616
349	5.4654293	2.9411118
350	5.4959998	2.9411833
351	5.5343199	2.955173
352	5.5760398	2.9691947
353	5.62115	2.983248
354	5.6696401	2.9945161
355	5.7214999	3.0029752
356	5.77672	3.0057685
357	5.83529	3.0056889
358	5.8972001	2.9998639
359	5.96244	2.9853885
360	6.0310001	2.9650567
361	6.1270423	2.9100924
362	6.2249198	2.8449838
363	6.3231573	2.7728269
364	6.42028	2.6932774
365	6.5148125	2.6071489
366	6.6052799	2.514683
367	6.6902075	2.4167082
368	6.7681198	2.3137691
369	6.8375425	2.2064176
370	6.8969998	2.0955057
371	6.9068036	1.9756954
372	6.9060078	1.8534325
373	6.8954544	1.7298901
374	6.8759842	1.6065514
375	6.8484373	1.4834236
376	6.8136559	1.3626082
377	6.7724805	1.2441293
378	6.7257519	1.1298155
379	6.6743116	1.0203081
380	6.619	0.91655743
381	6.5669947	0.84377825
382	6.5124159	0.77759606
383	6.4557214	0.71776092
384	6.397368	0.66401988
385	6.3378124	0.61581028
386	6.2775121	0.57317746
387	6.2169237	0.53524286
388	6.1565042	0.50173599
389	6.0967107	0.47238302
390	6.0380001	0.44659674
391	5.9885349	0.42160544
392	5.9405999	0.39959985
393	5.8941851	0.38060394
394	5.8492799	0.36401442
395	5.8058748	0.34953609
396	5.7639599	0.33718565
397	5.723525	0.32666394
398	5.6845598	0.31735179
399	5.6470551	0.30932224
400	5.6110001	0.30226707
401	5.5774078	0.29172638
402	5.5451841	0.28176919
403	5.514256	0.27236813
404	5.4845519	0.26352781
405	5.4559999	0.25518823
406	5.4285278	0.24732122
407	5.4020638	0.23989815
408	5.3765359	0.23292263
409	5.351872	0.22630058
410	5.3280001	0.22006752
411	5.3041716	0.21393217
412	5.2810321	0.20812501
413	5.2585506	0.20261578
414	5.2366958	0.197341
415	5.2154374	0.19233556
416	5.1947441	0.18756856
417	5.1745844	0.18300869
418	5.1549282	0.17862436
419	5.1357436	0.17438368
420	5.1170001	0.17032126
421	5.0982871	0.16603649
422	5.0799761	0.16186376
423	5.0620589	0.15780404
424	5.044528	0.15389201
425	5.0273752	0.15009505
426	5.010592	0.14641412
427	4.9941711	0.14285016
428	4.9781041	0.13940413
429	4.9623828	0.136077
430	4.947	0.13286971
431	4.9320788	0.12978321
432	4.9174719	0.12681848
433	4.903163	0.12397645
434	4.8891358	0.12122355
435	4.8753748	0.1185951
436	4.8618641	0.11609207
437	4.848587	0.11371541
438	4.8355279	0.11146607
439	4.8226709	0.10927515
440	4.8099999	0.10724815
441	4.7972517	0.10549156
442	4.7846718	0.10379624
443	4.7722607	0.10223318
444	4.760016	0.10073266
445	4.7479377	0.099330589
446	4.7360239	0.097956687
447	4.7242746	0.096646756
448	4.712688	0.095401295
449	4.7012634	0.094149299
450	4.6900001	0.092926592
451	4.6789131	0.091518074
452	4.667984	0.090066418
453	4.6572108	0.088679545
454	4.6465921	0.08728566
455	4.6361251	0.08588478
456	4.6258078	0.084513187
457	4.6156392	0.083171107
458	4.6056161	0.081858799
459	4.595737	0.080539964
460	4.586	0.079251207
461	4.5764031	0.078029454
462	4.5669441	0.076838411
463	4.557621	0.075641491
464	4.5484319	0.074512526
465	4.5393748	0.073377989
466	4.530448	0.072274968
467	4.5216489	0.071203694
468	4.5129762	0.070127167
469	4.504427	0.069082715
470	4.4959998	0.068070568
471	4.4877095	0.067090973
472	4.4795361	0.066106595
473	4.4714766	0.065155089
474	4.4635282	0.064198963
475	4.4556875	0.06327603
476	4.4479518	0.062386509
477	4.4403186	0.061492696
478	4.4327841	0.060632624
479	4.4253454	0.059806529
480	4.4180002	0.058976457
481	4.4106288	0.058180682
482	4.4033518	0.057381086
483	4.396173	0.056577671
484	4.3890958	0.05584747
485	4.3821249	0.055075169
486	4.3752642	0.054337885
487	4.3685169	0.053635854
488	4.3618879	0.052930478
489	4.355381	0.05222176
490	4.349	0.051548693
491	4.3429799	0.050872445
492	4.33708	0.050193012
493	4.3312898	0.049549628
494	4.3256001	0.048903219
495	4.3200002	0.048293181
496	4.3144798	0.047640804
497	4.3090301	0.047064506
498	4.3036399	0.046445869
499	4.2982998	0.045903787
500	4.2930002	0.045319371
501	4.2875319	0.044772115
502	4.2820959	0.044222314
503	4.2766938	0.043709997
504	4.271328	0.043195289
505	4.2659998	0.042718381
506	4.2607121	0.042239245
507	4.255466	0.041757882
508	4.2502642	0.041274287
509	4.2451081	0.040828973
510	4.2399998	0.040397823
511	4.2349586	0.039968733
512	4.2299681	0.039553951
513	4.2250295	0.039145406
514	4.2201438	0.038747244
515	4.2153125	0.038355425
516	4.210536	0.037974115
517	4.2058153	0.037603378
518	4.2011518	0.037235048
519	4.1965466	0.036877401
520	4.1919999	0.036526378
521	4.1875796	0.036177877
522	4.1832161	0.035831921
523	4.1789064	0.0354927
524	4.1746478	0.035160255
525	4.1704373	0.034834642
526	4.1662722	0.034511715
527	4.1621485	0.034195695
528	4.1580639	0.033886634
529	4.1540155	0.033580363
530	4.1500001	0.033276912
531	4.1459484	0.032980524
532	4.1419282	0.03268702
533	4.1379395	0.032396417
534	4.1339841	0.032112997
535	4.1300626	0.031832539
536	4.1261759	0.031555079
537	4.1223254	0.031280629
538	4.1185122	0.031013506
539	4.1147366	0.030745169
540	4.1110001	0.03048422
541	4.1073365	0.030222092
542	4.1037121	0.029963098
543	4.1001253	0.029711585
544	4.0965762	0.029458944
545	4.0930624	0.029213844
546	4.0895839	0.028967649
547	4.0861397	0.028729059
548	4.0827279	0.028493764
549	4.0793486	0.028261788
550	4.0760002	0.028033154
551	4.0726814	0.02781227
552	4.0693922	0.027599186
553	4.0661306	0.027385147
554	4.0628958	0.027178969
555	4.0596876	0.026971869
556	4.0565038	0.026772695
557	4.0533447	0.026572628
558	4.0502081	0.026376111
559	4.0470934	0.026183169
560	4.0440001	0.025989365
561	4.0408936	0.025794704
562	4.0378079	0.025603654
563	4.0347443	0.02541176
564	4.0317039	0.025223512
565	4.0286875	0.025034435
566	4.0256958	0.024849037
567	4.0227304	0.024667338
568	4.0197921	0.024484841
569	4.0168815	0.024306079
570	4.0139999	0.024131073
571	4.0111814	0.023955302
572	4.0083919	0.023778766
573	4.0056305	0.023606028
574	4.0028958	0.023437109
575	4.0001874	0.023272034
576	3.997504	0.023106242
577	3.9948444	0.022944326
578	3.992208	0.022786308
579	3.9895935	0.022627607
580	3.987	0.022477452
581	3.98441	0.022335893
582	3.9818399	0.022202974
583	3.97929	0.022069467
584	3.9767599	0.021935372
585	3.9742501	0.02180534
586	3.97176	0.021679401
587	3.96929	0.021552905
588	3.96684	0.021425853
589	3.9644101	0.021298243
590	3.9619999	0.021170074
591	3.9596264	0.021031944
592	3.9572721	0.020888513
593	3.9549356	0.020749196
594	3.952616	0.020609291
595	3.9503126	0.020468798
596	3.948024	0.020327715
597	3.9457495	0.020190794
598	3.9434879	0.020053299
599	3.9412384	0.019915232
600	3.9389999	0.019781368
601	3.9367385	0.019651728
602	3.9344881	0.019526338
603	3.9322495	0.019405222
604	3.9300239	0.019283595
605	3.9278126	0.019161459
606	3.925616	0.019043637
607	3.9234354	0.01892532
608	3.921272	0.018811351
609	3.9191265	0.018696902
610	3.9170001	0.018581977
611	3.9149265	0.018471435
612	3.9128721	0.018360432
613	3.9108355	0.018253846
614	3.9088161	0.018146815
615	3.9068124	0.018039338
616	3.904824	0.017931415
617	3.9028494	0.017827956
618	3.900888	0.017724067
619	3.8989384	0.01761975
620	3.8970001	0.017515002
621	3.8950551	0.017409824
622	3.8931201	0.017304217
623	3.8911951	0.017198179
624	3.8892801	0.017096678
625	3.8873751	0.016994763
626	3.8854799	0.016887454
627	3.883595	0.016784703
628	3.8817201	0.016681539
629	3.8798549	0.016582966
630	3.878	0.016478982
631	3.8761549	0.016374584
632	3.87432	0.016274802
633	3.8724949	0.016174622
634	3.8706801	0.016074045
635	3.868875	0.015973069
636	3.86708	0.015876755
637	3.8652949	0.015774993
638	3.8635199	0.015677908
639	3.8617549	0.015585526
640	3.8599999	0.015487686
641	3.8582549	0.015394565
642	3.8565199	0.015301077
643	3.854795	0.015212339
644	3.85308	0.015118128
645	3.8513751	0.015028683
646	3.8496799	0.014938888
647	3.847995	0.014853891
648	3.8463199	0.014763404
649	3.844655	0.01467773
650	3.8429999	0.014591723
651	3.8413551	0.014505382
652	3.83972	0.014418705
653	3.8380949	0.014336892
654	3.8364799	0.014249556
655	3.8348751	0.014167097
656	3.8332801	0.014084321
657	3.8316951	0.014001226
658	3.8301201	0.013917813
659	3.8285551	0.013839326
660	3.8269999	0.013755284
661	3.8254714	0.013670924
662	3.823952	0.013591514
663	3.8224404	0.013511801
664	3.820936	0.013431786
665	3.8194375	0.013351468
666	3.817944	0.013270848
667	3.8164544	0.013189926
668	3.8149681	0.013108701
669	3.8134835	0.013027174
670	3.812	0.012950676
671	3.8104835	0.012873892
672	3.8089681	0.012791473
673	3.8074546	0.012714108
674	3.805944	0.012636457
675	3.8044374	0.012558519
676	3.8029361	0.012480294
677	3.8014405	0.012401783
678	3.799952	0.012328381
679	3.7984715	0.012249305
680	3.7969999	0.012175353
681	3.7955384	0.012101131
682	3.7940879	0.012026639
683	3.7926495	0.011951876
684	3.791224	0.011876842
685	3.7898126	0.011806989
686	3.7884159	0.011731423
687	3.7870355	0.011661052
688	3.7856719	0.011590427
689	3.7843266	0.011519548
690	3.783	0.011448413
691	3.7817595	0.011377024
692	3.7805359	0.011305381
693	3.7793264	0.011238997
694	3.7781279	0.011166852
695	3.7769375	0.011099983
696	3.7757521	0.011032876
697	3.7745686	0.010965529
698	3.7733841	0.010897944
699	3.7721956	0.01083012
700	3.7709999	0.010762057
701	3.7696955	0.010699335
702	3.768384	0.010630802
703	3.7670684	0.010567626
704	3.7657521	0.010504226
705	3.7644374	0.010440604
706	3.763128	0.010376759
707	3.7618265	0.010312691
708	3.760536	0.0102484
709	3.7592595	0.010183888
710	3.7579999	0.010119151
711	3.7568431	0.010054192
712	3.7557039	0.009983344
713	3.754581	0.0099179316
714	3.7534721	0.0098522957
715	3.7523749	0.0097864373
716	3.7512879	0.0097203562
717	3.7502091	0.0096540526
718	3.749136	0.0095875254
719	3.7480669	0.0095207756
720	3.747	0.0094538033
721	3.7458835	0.0093866084
722	3.7447679	0.0093249362
723	3.7436545	0.0092630563
724	3.7425439	0.0092009697
725	3.7414374	0.0091386773
726	3.7403359	0.0090761771
727	3.7392404	0.0090134693
728	3.738152	0.0089505557
729	3.7370715	0.0088874344
730	3.7360001	0.0088299159
731	3.7349715	0.0087722065
732	3.733952	0.0087143062
733	3.7329404	0.0086562149
734	3.731936	0.0085979318
735	3.7309375	0.0085394587
736	3.729944	0.0084807938
737	3.7289546	0.0084219389
738	3.727968	0.008368765
739	3.7269835	0.0083095357
740	3.7260001	0.0082560033
741	3.7249835	0.0081963995
742	3.723968	0.0081425104
743	3.7229545	0.0080884453
744	3.7219441	0.0080282846
745	3.7209375	0.0079738619
746	3.7199359	0.0079192631
747	3.7189405	0.0078644902
748	3.717952	0.0078095421
749	3.7169714	0.0077544185
750	3.7160001	0.0076991203
751	3.7150714	0.007643647
752	3.7141521	0.0075879982
753	3.7132404	0.0075381668
754	3.7123361	0.0074821762
755	3.7114375	0.0074320184
756	3.7105441	0.0073756855
757	3.7096546	0.0073252018
758	3.7087679	0.0072745588
759	3.7078836	0.0072237565
760	3.707	0.007172795
761	3.7060835	0.0071216743
762	3.705168	0.0070764585
763	3.7042544	0.0070250276
764	3.7033441	0.0069795172
765	3.7024374	0.0069338637
766	3.7015359	0.0068880669
767	3.7006404	0.0068360232
768	3.6997521	0.006789932
769	3.6988716	0.0067436974
770	3.698	0.0066973194
771	3.6971714	0.0066507985
772	3.696352	0.0065979911
773	3.6955404	0.0065511754
774	3.694736	0.0064980574
775	3.6939375	0.0064509478
776	3.6931441	0.0064036949
777	3.6923544	0.0063501149
778	3.6915679	0.0063025677
779	3.6907835	0.006254877
780	3.6900001	0.0062070428
781	3.6891999	0.0061596869
782	3.6884	0.0061128121
783	3.6875999	0.0060664196
784	3.6868	0.0060205134
785	3.6860001	0.0059744697
786	3.6852	0.0059289145
787	3.6844001	0.0058838506
788	3.6835999	0.0058392803
789	3.6828001	0.0057952055
790	3.6819999	0.0057510003
791	3.6811836	0.0057079233
792	3.6803679	0.0056647193
793	3.6795545	0.0056220186
794	3.6787441	0.0055798241
795	3.6779375	0.0055381386
796	3.6771359	0.0054963301
797	3.6763406	0.0054550334
798	3.6755519	0.0054136156
799	3.6747715	0.0053727129
800	3.674	0.0053316904
801	3.6732714	0.0052905492
802	3.6725521	0.0052492879
803	3.6718404	0.0052085468
804	3.6711359	0.0051676878
805	3.6704376	0.0051273517
806	3.669744	0.0050868993
807	3.6690545	0.0050463304
808	3.6683681	0.0050062886
809	3.6676836	0.0049667764
810	3.6670001	0.0049271504
811	3.6662836	0.0048880572
812	3.6655681	0.0048488528
813	3.6648545	0.0048101838
814	3.664144	0.0047720526
815	3.6634376	0.004733813
816	3.6627359	0.0046954653
817	3.6620405	0.0046576597
818	3.6613519	0.0046203984
819	3.6606715	0.0045830323
820	3.6600001	0.0045455606
821	3.6593881	0.0045086374
822	3.6587839	0.0044716108
823	3.658186	0.004435136
824	3.6575921	0.0043985588
825	3.6570001	0.0043625366
826	3.6564081	0.0043264139
827	3.6558139	0.004290849
828	3.655216	0.0042551858
829	3.6546121	0.0042194235
830	3.654	0.0041842232
831	3.653312	0.0041489257
832	3.652616	0.0041135312
833	3.6519139	0.0040787025
834	3.6512079	0.0040437784
835	3.6505001	0.0040094233
836	3.649792	0.0039749742
837	3.649086	0.0039404314
838	3.6483841	0.0039057944
839	3.6476879	0.003872399
840	3.6470001	0.0038382444
841	3.6463716	0.0038046665
842	3.645752	0.0037709982
843	3.6451404	0.0037379097
844	3.644536	0.0037047323
845	3.6439376	0.0036714659
846	3.6433439	0.0036387832
847	3.6427546	0.0036066873
848	3.642168	0.0035738307
849	3.6415834	0.003541562
850	3.641	0.0035098838
851	3.6403835	0.0034781212
852	3.6397679	0.0034469522
853	3.6391544	0.0034157005
854	3.6385441	0.0033843662
855	3.6379375	0.0033536295
856	3.637336	0.0033228113
857	3.6367404	0.0032925943
858	3.636152	0.0032622975
859	3.6355715	0.0032319212
860	3.635	0.0032021496
861	3.6344881	0.0031723003
862	3.6339841	0.0031430586
863	3.633486	0.0031137408
864	3.632992	0.0030843464
865	3.6324999	0.0030548756
866	3.6320081	0.0030260177
867	3.6315141	0.0029977749
868	3.631016	0.0029687681
869	3.630512	0.0029410697
870	3.6300001	0.002912607
871	3.6294119	0.0028847645
872	3.6288159	0.0028568504
873	3.6282139	0.0028295591
874	3.6276081	0.0028021981
875	3.6270001	0.0027747669
876	3.6263919	0.0027472659
877	3.6257861	0.0027203925
878	3.6251841	0.0026941495
879	3.624588	0.00266714
880	3.6240001	0.0026407624
881	3.6234715	0.0026143182
882	3.622952	0.0025885087
883	3.6224406	0.0025619315
884	3.6219361	0.0025366943
885	3.6214375	0.0025106892
886	3.620944	0.0024853237
887	3.6204545	0.0024598949
888	3.6199679	0.0024344022
889	3.6194835	0.0024095534
890	3.619	0.0023846424
891	3.6185	0.0023596694
892	3.618	0.0023353442
893	3.6175001	0.0023109585
894	3.6170001	0.0022865122
895	3.6164999	0.0022627178
896	3.6159999	0.0022388643
897	3.6155	0.0022149521
898	3.615	0.0021916956
899	3.6145	0.0021683818
900	3.6140001	0.0021450107
901	3.6135001	0.0021222993
902	3.6129999	0.0020995322
903	3.6125	0.0020767094
904	3.612	0.0020538308
905	3.6115	0.0020316169
906	3.6110001	0.0020093487
907	3.6105001	0.0019877481
908	3.6099999	0.0019653726
909	3.6094999	0.0019436663
910	3.609	0.0019219073
911	3.6084836	0.001900096
912	3.6079681	0.0018789578
913	3.6074545	0.0018570422
914	3.6069441	0.0018358013
915	3.6064374	0.0018145096
916	3.6059361	0.0017931669
917	3.6054406	0.001772503
918	3.6049521	0.0017510593
919	3.6044714	0.0017302959
920	3.6040001	0.0017094832
921	3.6035881	0.0016878883
922	3.603184	0.0016669761
923	3.6027861	0.0016460146
924	3.602392	0.0016250038
925	3.602	0.0016039436
926	3.601608	0.0015828341
927	3.6012139	0.0015624129
928	3.600816	0.0015426825
929	3.6004119	0.0015229059
930	3.5999999	0.0015030832
931	3.5995121	0.0014846959
932	3.599016	0.0014670076
933	3.5985141	0.0014492776
934	3.5980079	0.0014315064
935	3.5975001	0.0014144378
936	3.596992	0.0013973295
937	3.5964861	0.0013809269
938	3.595984	0.0013637398
939	3.5954881	0.0013472601
940	3.595	0.0013307423
941	3.5945716	0.0013134374
942	3.594152	0.0012968422
943	3.5937405	0.0012794585
944	3.5933361	0.001262035
945	3.5929375	0.0012453238
946	3.5925441	0.0012285743
947	3.5921545	0.0012117866
948	3.591768	0.0011949608
949	3.5913835	0.0011780967
950	3.5910001	0.0011619504
951	3.5906	0.0011457676
952	3.5901999	0.0011295481
953	3.5897999	0.0011132921
954	3.5894001	0.0010969993
955	3.589	0.00108143
956	3.5885999	0.0010658257
957	3.5882001	0.0010501862
958	3.5878	0.001034512
959	3.5874	0.0010188025
960	3.5869999	0.0010038221
961	3.5866001	0.00098880823
962	3.5862	0.00097376085
963	3.5857999	0.00095944648
964	3.5854001	0.00094433315
965	3.585	0.00092995429
966	3.5846	0.00091554358
967	3.5841999	0.0009018706
968	3.5838001	0.00088739704
969	3.5834	0.00087366276
970	3.5829999	0.00085989822
971	3.5826001	0.00084610347
972	3.5822001	0.00083305198
973	3.5818	0.00081997184
974	3.5813999	0.00080686301
975	3.5810001	0.00079450145
976	3.5806	0.00078133616
977	3.5802	0.00076876424
978	3.5797999	0.00075624272
979	3.5794001	0.00074377185
980	3.579	0.00073142996
981	3.5785835	0.00071898324
982	3.5781679	0.00070666592
983	3.5777545	0.00069440028
984	3.5773439	0.0006822648
985	3.5769374	0.00067018159
986	3.5765359	0.00065822934
987	3.5761404	0.00064640859
988	3.575752	0.00063464115
989	3.5753715	0.00062300597
990	3.575	0.00061150355
991	3.574688	0.00060021318
992	3.574384	0.00058897771
993	3.574086	0.0005778764
994	3.573792	0.00056690973
995	3.5734999	0.00055607822
996	3.5732081	0.00054538227
997	3.5729139	0.00053482247
998	3.5726161	0.00052431971
999	3.5723121	0.00051395391
1000	3.572	0.00050372537
1001	3.5716119	0.00049363472
1002	3.5712161	0.00048360263
1003	3.5708139	0.000473789
1004	3.5704081	0.0004640347
1005	3.5699999	0.00045441999
1006	3.569592	0.00044486529
1007	3.569186	0.00043553108
1008	3.568784	0.00042625767
1009	3.568388	0.00041704532
1010	3.5680001	0.00040805497
1011	3.5676715	0.00039920691
1012	3.5673521	0.00039050161
1013	3.5670404	0.00038185893
1014	3.566736	0.00037335983
1015	3.5664375	0.000364924
1016	3.566144	0.00035663249
1017	3.5658545	0.00034840489
1018	3.565568	0.00034032244
1019	3.5652835	0.00033230454
1020	3.5650001	0.00032435142
1021	3.5646999	0.00031638204
1022	3.5644	0.00030839644
1023	3.5641	0.00030055744
1024	3.5638001	0.00029286547
1025	3.5634999	0.00028523948
1026	3.5632	0.0002776797
1027	3.5629001	0.00027026809
1028	3.5625999	0.00026300515
1029	3.5623	0.00025580943
1030	3.562	0.00024876316
1031	3.5617001	0.00024194886
1032	3.5613999	0.00023528512
1033	3.5611	0.00022877242
1034	3.5608001	0.00022241124
1035	3.5604999	0.00021611968
1036	3.5602	0.00020998044
1037	3.5599	0.00020391146
1038	3.5596001	0.0001979956
1039	3.5592999	0.0001922333
1040	3.559	0.00018654233
1041	3.5587001	0.00018092289
1042	3.5583999	0.00017545815
1043	3.5581	0.00017006557
1044	3.5578001	0.0001648285
1045	3.5574999	0.00015966424
1046	3.5572	0.00015465627
1047	3.5569	0.00014972175
1048	3.5566001	0.00014494432
1049	3.5562999	0.00014024097
1050	3.556	0.0001356955
1051	3.5557001	0.00013122476
1052	3.5553999	0.0001269127
1053	3.5551	0.00012267599
1054	3.5548	0.00011859876
1055	3.5545001	0.00011468148
1056	3.5541999	0.00011084059
1057	3.5539	0.00010707634
1058	3.5536001	0.00010355734
1059	3.5532999	0.00010003151
1060	3.553	9.6751879e-05
1061	3.5527	9.363475e-05
1062	3.5524001	9.0680594e-05
1063	3.5520999	8.7889894e-05
1064	3.5518	8.517845e-05
1065	3.5515001	8.254651e-05
1066	3.5511999	8.0062164e-05
1067	3.5509	7.7691882e-05
1068	3.5506001	7.5419011e-05
1069	3.5502999	7.3252326e-05
1070	3.55	7.118364e-05
1071	3.5496836	6.9238798e-05
1072	3.5493679	6.7375506e-05
1073	3.5490544	6.5602544e-05
1074	3.548744	6.3903084e-05
1075	3.5484376	6.2268773e-05
1076	3.548136	6.0699818e-05
1077	3.5478406	5.917926e-05
1078	3.5475521	5.7715821e-05
1079	3.5472715	5.6301084e-05
1080	3.5469999	5.4918004e-05
1081	3.546788	5.3463449e-05
1082	3.5465839	5.2040548e-05
1083	3.546386	5.0649396e-05
1084	3.5461919	4.929872e-05
1085	3.546	4.7971371e-05
1086	3.5458081	4.6676054e-05
1087	3.545614	4.5412875e-05
1088	3.5454161	4.4173263e-05
1089	3.545212	4.2974629e-05
1090	3.5450001	4.1808413e-05
1091	3.5447121	4.0683393e-05
1092	3.544416	3.9591003e-05
1093	3.5441141	3.8531332e-05
1094	3.543808	3.7495774e-05
1095	3.5434999	3.6493115e-05
1096	3.5431919	3.5514724e-05
1097	3.542886	3.4560679e-05
1098	3.5425839	3.3639786e-05
1099	3.5422881	3.2734646e-05
1100	3.5445001	3.1862819e-05
1101	3.5443001	3.1015639e-05
1102	3.5441	3.0184403e-05
1103	3.5438001	2.938672e-05
1104	3.5436001	2.8596323e-05
1105	3.5432999	2.7839622e-05
1106	3.5431001	2.7090304e-05
1107	3.5427999	2.6366013e-05
1108	3.5425999	2.5658004e-05
1109	3.5423999	2.4966326e-05
1110	3.5421	2.4291023e-05
1111	3.5418999	2.3623305e-05
1112	3.5416	2.2963193e-05
1113	3.5414	2.2319571e-05
1114	3.5411999	2.1692485e-05
1115	3.5409	2.1073109e-05
1116	3.5407	2.047035e-05
1117	3.5404999	1.9875364e-05
1118	3.5402	1.9305971e-05
1119	3.54	1.8735529e-05
1120	3.5397999	1.8181861e-05
1121	3.5395	1.7636095e-05
1122	3.5393	1.7107182e-05
1123	3.5390999	1.6586237e-05
1124	3.5388	1.6073282e-05
1125	3.5386	1.5568337e-05
1126	3.5383999	1.5080392e-05
1127	3.5381	1.4600524e-05
1128	3.5379	1.4128757e-05
1129	3.5376999	1.3674099e-05
1130	3.5374999	1.3218614e-05
1131	3.5372	1.2771301e-05
1132	3.5369999	1.2332184e-05
1133	3.5367999	1.1901288e-05
1134	3.5366001	1.1487661e-05
1135	3.5362999	1.1073285e-05
1136	3.5360999	1.0667201e-05
1137	3.5359001	1.0278481e-05
1138	3.5357001	9.8981163e-06
1139	3.5355	9.5261321e-06
1140	3.5352001	9.1625498e-06
1141	3.5350001	8.8155684e-06
1142	3.5348001	8.4779595e-06
1143	3.5346	8.1497519e-06
1144	3.5344	7.83006e-06
1145	3.5342	7.51982e-06
1146	3.5339	7.2172338e-06
1147	3.5337	6.9223229e-06
1148	3.5335	6.636023e-06
1149	3.5332999	6.3574421e-06
1150	3.5330999	6.0856869e-06
1151	3.5329001	5.817114e-06
1152	3.5327001	5.556316e-06
1153	3.5323999	5.3014778e-06
1154	3.5322001	5.0535368e-06
1155	3.5320001	4.8125112e-06
1156	3.5318	4.5775e-06
1157	3.5316	4.3485202e-06
1158	3.5314	4.1265089e-06
1159	3.5311999	3.9114871e-06
1160	3.5309999	3.7016259e-06
1161	3.5308001	3.499712e-06
1162	3.5306001	3.302993e-06
1163	3.5304	3.113335e-06
1164	3.5301001	2.927977e-06
1165	3.5299001	2.7487849e-06
1166	3.5297	2.5748479e-06
1167	3.5295	2.4052531e-06
1168	3.5293	2.241869e-06
1169	3.5290999	2.081923e-06
1170	3.5288999	1.927287e-06
1171	3.5287001	1.764928e-06
1172	3.5285001	1.606952e-06
1173	3.5283	1.455239e-06
1174	3.5281	1.30887e-06
1175	3.5279	1.169729e-06
1176	3.5276999	1.037837e-06
1177	3.5274999	9.1311801e-07
1178	3.5272999	7.9690301e-07
1179	3.5271001	6.8949703e-07
1180	3.5269001	5.9157901e-07
1181	3.5267	5.2554202e-07
1182	3.5265	4.6889201e-07
1183	3.5264001	4.2061799e-07
1184	3.5262001	3.8027099e-07
1185	3.526	3.46739e-07
1186	3.5258	3.1956699e-07
1187	3.5256	2.97828e-07
1188	3.5253999	2.8077801e-07
1189	3.5251999	2.67579e-07
1190	3.5250001	2.57576e-07
1191	3.5248001	2.4016401e-07
1192	3.5246	2.24904e-07
1193	3.5244	2.11612e-07
1194	3.5242	2.00103e-07
1195	3.5241001	1.9009499e-07
1196	3.5239	1.81403e-07
1197	3.5237	1.73934e-07
1198	3.5235	1.6750199e-07
1199	3.5232999	1.6172601e-07
1200	3.5230999	1.56608e-07
1201	3.5229001	1.48711e-07
1202	3.5227001	1.41087e-07
1203	3.5225999	1.33833e-07
1204	3.5223999	1.2695e-07
1205	3.5222001	1.20439e-07
1206	3.5220001	1.14205e-07
1207	3.5218	1.08344e-07
1208	3.5216	1.02666e-07
1209	3.5215001	9.7460003e-08
1210	3.5213001	9.2436999e-08
1211	3.5211	8.7887997e-08
1212	3.5209	8.3610999e-08
1213	3.5207	7.9586997e-08
1214	3.5206001	7.5788002e-08
1215	3.5204	7.2215002e-08
1216	3.5202	6.8848998e-08
1217	3.52	6.5652003e-08
1218	3.5197999	6.2623002e-08
1219	3.5197001	5.9744998e-08
1220	3.5195	5.6988998e-08
1221	3.5193	5.4082001e-08
1222	3.5191	5.1276999e-08
1223	3.5190001	4.8583999e-08
1224	3.5188	4.5994e-08
1225	3.5186	4.3505999e-08
1226	3.5184	4.1113001e-08
1227	3.5183001	3.8812999e-08
1228	3.5181	3.6616001e-08
1229	3.5179	3.4513999e-08
1230	3.5178001	3.2496001e-08
1231	3.5176001	3.0582999e-08
1232	3.5174	2.8755e-08
1233	3.5172	2.7012e-08
1234	3.5171001	2.5355e-08
1235	3.5169001	2.3764001e-08
1236	3.5167	2.2258e-08
1237	3.5165999	2.0810001e-08
1238	3.5164001	1.9437e-08
1239	3.5162001	1.8122e-08
1240	3.5160999	1.6874001e-08
1241	3.5158999	1.5633001e-08
1242	3.5157001	1.445e-08
1243	3.5156	1.3334e-08
1244	3.5153999	1.2265e-08
1245	3.5151999	1.1255e-08
1246	3.5151	1.0292e-08
1247	3.5149	9.3969996e-09
1248	3.5146999	8.5540002e-09
1249	3.5146	7.7660003e-09
1250	3.5144	7.033e-09
1251	3.5142	6.3850001e-09
1252	3.5141001	5.79e-09
1253	3.5139	5.245e-09
1254	3.5137999	4.7480002e-09
1255	3.5136001	4.296e-09
1256	3.5134001	3.8880001e-09
1257	3.5132999	3.522e-09
1258	3.5130999	3.194e-09
1259	3.513	2.9030001e-09
1260	3.5128	2.647e-09
1261	3.5125999	2.428e-09
1262	3.5125	2.2390001e-09
1263	3.5123	2.076e-09
1264	3.5122001	1.938e-09
1265	3.5120001	1.822e-09
1266	3.5118001	1.725e-09
1267	3.5116999	1.644e-09
1268	3.5114999	1.578e-09
1269	3.5114	1.5229999e-09
1270	3.5112	1.476e-09
1271	3.5111001	1.396e-09
1272	3.5109	1.322e-09
1273	3.5107999	1.253e-09
1274	3.5106001	1.188e-09
1275	3.5105	1.128e-09
1276	3.5102999	1.073e-09
1277	3.5100999	1.021e-09
1278	3.51	9.7200004e-10
1279	3.5098	9.2699998e-10
1280	3.5097001	8.8399998e-10
1281	3.5095	8.3899998e-10
1282	3.5093999	7.9599999e-10
1283	3.5092001	7.5599998e-10
1284	3.5091	7.1700001e-10
1285	3.5088999	6.8099998e-10
1286	3.5088	6.4599998e-10
1287	3.5086	6.1400002e-10
1288	3.5085001	5.8299998e-10
1289	3.5083001	5.5400001e-10
1290	3.5081999	5.27e-10
1291	3.5079999	5.0100002e-10
1292	3.5079	4.7799997e-10
1293	3.5078001	4.5500001e-10
1294	3.5076001	4.3500001e-10
1295	3.5074999	4.1500001e-10
1296	3.5072999	3.9600001e-10
1297	3.5072	3.79e-10
1298	3.507	3.6200001e-10
1299	3.5069001	3.4600001e-10
1300	3.5067	3.3100001e-10
1301	3.5065999	3.15e-10
1302	3.5064001	3e-10
1303	3.5063	2.85e-10
1304	3.5062001	2.71e-10
1305	3.506	2.57e-10
1306	3.5058999	2.4399999e-10
1307	3.5057001	2.31e-10
1308	3.5056	2.19e-10
1309	3.5055001	2.0800001e-10
1310	3.5053	1.97e-10
1311	3.5051999	1.87e-10
1312	3.5050001	1.77e-10
1313	3.5049	1.68e-10
1314	3.5048001	1.5899999e-10
1315	3.5046	1.5e-10
1316	3.5044999	1.42e-10
1317	3.5043001	1.35e-10
1318	3.5042	1.2699999e-10
1319	3.5041001	1.2e-10
1320	3.5039001	1.13e-10
1321	3.5037999	1.06e-10
1322	3.5037	1e-10
1323	3.5035	9.4000002e-11
1324	3.5034001	8.6999997e-11
1325	3.5032001	8.1999997e-11
1326	3.5030999	7.5999998e-11
1327	3.503	7.0999998e-11
1328	3.5028	6.4999998e-11
1329	3.5027001	6.0999997e-11
1330	3.5026	5.6e-11
1331	3.5023999	5.2000002e-11
1332	3.5023	4.8e-11
1333	3.5021999	4.4000002e-11
1334	3.5020001	4.0999999e-11
1335	3.5019	3.7999999e-11
1336	3.5018001	3.4000001e-11
1337	3.5016	3.2e-11
1338	3.5014999	2.9e-11
1339	3.5014	2.6999999e-11
1340	3.5012	2.5e-11
1341	3.5011001	2.2999999e-11
1342	3.5009999	2.1e-11
1343	3.5009	1.8999999e-11
1344	3.5007	1.8000001e-11
1345	3.5006001	1.7e-11
1346	3.5005	1.5e-11
1347	3.5002999	1.4e-11
1348	3.5002	1.3e-11
1349	3.5000999	1.3e-11
1350	3.5	1.2e-11
1351	3.4998	1.1e-11
1352	3.4997001	1e-11
1353	3.4995999	1e-11
1354	3.4993999	9.0000004e-12
1355	3.4993	9.0000004e-12
1356	3.4992001	8e-12
1357	3.4991	8e-12
1358	3.4988999	7e-12
1359	3.4988	7e-12
1360	3.4986999	6e-12
1361	3.4986	6e-12
1362	3.4984	6e-12
1363	3.4983001	5e-12
1364	3.4981999	5e-12
1365	3.4981	5e-12
1366	3.4979	5e-12
1367	3.4978001	4e-12
1368	3.4977	4e-12
1369	3.4976001	4e-12
1370	3.4974999	4e-12
1371	3.4972999	4e-12
1372	3.4972	3e-12
1373	3.4971001	3e-12
1374	3.497	3e-12
1375	3.4969001	3e-12
1376	3.4967	3e-12
1377	3.4965999	3e-12
1378	3.4965	3e-12
1379	3.4964001	3e-12
1380	3.4963	2e-12
1381	3.4960999	2e-12
1382	3.4960001	2e-12
1383	3.4958999	2e-12
1384	3.4958	2e-12
1385	3.4956999	2e-12
1386	3.4955001	2e-12
1387	3.4954	2e-12
1388	3.4953001	2e-12
1389	3.4951999	2e-12
1390	3.4951	1e-12
1391	3.4949999	1e-12
1392	3.4948001	1e-12
1393	3.4947	1e-12
1394	3.4946001	1e-12
1395	3.4944999	1e-12
1396	3.4944	1e-12
1397	3.4942999	1e-12
1398	3.4941001	1e-12
1399	3.494	1e-12
1400	3.4939001	1e-12
1401	3.4937999	1e-12
1402	3.4937	1e-12
1403	3.4935999	1e-12
1404	3.4935	1e-12
1405	3.4934001	1e-12
1406	3.4932001	1e-12
1407	3.4930999	1e-12
1408	3.493	1e-12
1409	3.4928999	1e-12
1410	3.4928	1e-12
1411	3.4927001	1e-12
1412	3.4926	0
1413	3.4925001	0
1414	3.4923999	0
1415	3.4921999	0
1416	3.4921	0
1417	3.4920001	0
1418	3.4919	0
1419	3.4918001	0
1420	3.4916999	0
1421	3.4916	0
1422	3.4914999	0
1423	3.4914	0
1424	3.4913001	0
1425	3.4912	0
1426	3.4909999	0
1427	3.4909	0
1428	3.4907999	0
1429	3.4907	0
1430	3.4906001	0
1431	3.4905	0
1432	3.4904001	0
1433	3.4902999	0
1434	3.4902	0
1435	3.4900999	0
1436	3.49	0
1437	3.4899001	0
1438	3.4898	0
1439	3.4897001	0
1440	3.4895999	0
1441	3.4895	0
1442	3.4893999	0
1443	3.4893	0
1444	3.4891	0
1445	3.4890001	0
1446	3.4888999	0
1447	3.4888	0
1448	3.4886999	0
1449	3.4886	0
1450	3.4885001	0
1451	3.4884	0
1452	3.4883001	0
1453	3.4881999	0
1454	3.4881001	0
1455	3.4879999	0
1456	3.4879	0
1457	3.4877999	0
1458	3.4877	0
1459	3.4876001	0
1460	3.4875	0
1461	3.4874001	0
1462	3.4872999	0
1463	3.4872	0
1464	3.4870999	0
1465	3.487	0
1466	3.4869001	0
1467	3.4868	0
1468	3.4867001	0
1469	3.4865999	0
1470	3.4865	0
1471	3.4863999	0
1472	3.4863	0
1473	3.4862001	0
1474	3.4861	0
1475	3.4861	0
1476	3.4860001	0
1477	3.4858999	0
1478	3.4858	0
1479	3.4856999	0
1480	3.4856	0
1481	3.4855001	0
1482	3.4854	0
1483	3.4853001	0
1484	3.4851999	0
1485	3.4851	0
1486	3.4849999	0
1487	3.4849	0
1488	3.4848001	0
1489	3.4847	0
1490	3.4846001	0
1491	3.4844999	0
1492	3.4844	0
1493	3.4842999	0
1494	3.4842999	0
1495	3.4842	0
1496	3.4841001	0
1497	3.484	0
1498	3.4839001	0
1499	3.4837999	0
1500	3.4837	0
1501	3.4835999	0
1502	3.4835	0
1503	3.4834001	0
1504	3.4833	0
1505	3.4832001	0
1506	3.4832001	0
1507	3.4830999	0
1508	3.483	0
1509	3.4828999	0
1510	3.4828	0
1511	3.4827001	0
1512	3.4826	0
1513	3.4825001	0
1514	3.4823999	0
1515	3.4823	0
1516	3.4823	0
1517	3.4821999	0
1518	3.4821	0
1519	3.4820001	0
1520	3.4819	0
1521	3.4818001	0
1522	3.4816999	0
1523	3.4816	0
1524	3.4816	0
1525	3.4814999	0
1526	3.4814	0
1527	3.4813001	0
1528	3.4812	0
1529	3.4811001	0
1530	3.4809999	0
1531	3.4809	0
1532	3.4809	0
1533	3.4807999	0
1534	3.4807	0
1535	3.4806001	0
1536	3.4805	0
1537	3.4804001	0
1538	3.4802999	0
1539	3.4802999	0
1540	3.4802001	0
1541	3.4800999	0
1542	3.48	0
1543	3.4798999	0
1544	3.4798	0
1545	3.4798	0
1546	3.4797001	0
1547	3.4796	0
1548	3.4795001	0
1549	3.4793999	0
1550	3.4793	0
1551	3.4793	0
1552	3.4791999	0
1553	3.4791	0
1554	3.4790001	0
1555	3.4789	0
1556	3.4788001	0
1557	3.4788001	0
1558	3.4786999	0
1559	3.4786	0
1560	3.4784999	0
1561	3.4784	0
1562	3.4784	0
1563	3.4783001	0
1564	3.4782	0
1565	3.4781001	0
1566	3.4779999	0
1567	3.4779999	0
1568	3.4779	0
1569	3.4777999	0
1570	3.4777	0
1571	3.4776001	0
1572	3.4776001	0
1573	3.4775	0
1574	3.4774001	0
1575	3.4772999	0
1576	3.4772	0
1577	3.4772	0
1578	3.4770999	0
1579	3.477	0
1580	3.4769001	0
1581	3.4769001	0
1582	3.4768	0
1583	3.4767001	0
1584	3.4765999	0
1585	3.4765	0
1586	3.4765	0
1587	3.4763999	0
1588	3.4763	0
1589	3.4762001	0
1590	3.4762001	0
1591	3.4761	0
1592	3.4760001	0
1593	3.4758999	0
1594	3.4758999	0
1595	3.4758	0
1596	3.4756999	0
1597	3.4756	0
1598	3.4756	0
1599	3.4755001	0
1600	3.4754	0
1601	3.4753001	0
1602	3.4753001	0
1603	3.4751999	0
1604	3.4751	0
1605	3.4749999	0
1606	3.4749999	0
1607	3.4749	0
1608	3.4748001	0
1609	3.4747	0
1610	3.4747	0
1611	3.4746001	0
1612	3.4744999	0
1613	3.4744	0
1614	3.4744	0
1615	3.4742999	0
1616	3.4742	0
1617	3.4742	0
1618	3.4741001	0
1619	3.474	0
1620	3.4739001	0
1621	3.4739001	0
1622	3.4737999	0
1623	3.4737	0
1624	3.4735999	0
1625	3.4735999	0
1626	3.4735	0
1627	3.4734001	0
1628	3.4734001	0
1629	3.4733	0
1630	3.4732001	0
1631	3.4732001	0
1632	3.4730999	0
1633	3.473	0
1634	3.4728999	0
1635	3.4728999	0
1636	3.4728	0
1637	3.4727001	0
1638	3.4727001	0
1639	3.4726	0
1640	3.4725001	0
1641	3.4725001	0
1642	3.4724	0
1643	3.4723001	0
1644	3.4721999	0
1645	3.4721999	0
1646	3.4721	0
1647	3.4719999	0
1648	3.4719999	0
1649	3.4719	0
1650	3.4718001	0
1651	3.4718001	0
1652	3.4717	0
1653	3.4716001	0
1654	3.4716001	0
1655	3.4714999	0
1656	3.4714	0
1657	3.4714	0
1658	3.4712999	0
1659	3.4712	0
1660	3.4712	0
1661	3.4711001	0
1662	3.471	0
1663	3.471	0
1664	3.4709001	0
1665	3.4707999	0
1666	3.4707999	0
1667	3.4707	0
1668	3.4705999	0
1669	3.4705999	0
1670	3.4705	0
1671	3.4704001	0
1672	3.4704001	0
1673	3.4703	0
1674	3.4702001	0
1675	3.4702001	0
1676	3.4700999	0
1677	3.47	0
1678	3.47	0
1679	3.4698999	0
1680	3.4698	0
1681	3.4698	0
1682	3.4697001	0
1683	3.4697001	0
1684	3.4696	0
1685	3.4695001	0
1686	3.4695001	0
1687	3.4693999	0
1688	3.4693	0
1689	3.4693	0
1690	3.4691999	0
1691	3.4691	0
1692	3.4691	0
1693	3.4690001	0
1694	3.4690001	0
1695	3.4689	0
1696	3.4688001	0
1697	3.4688001	0
1698	3.4686999	0
1699	3.4686	0
1700	3.4686	0
1701	3.46855	0
1702	3.4684999	0
1703	3.4684334	0
1704	3.4683666	0
1705	3.4683001	0
1706	3.46824	0
1707	3.4681799	0
1708	3.4681201	0
1709	3.46806	0
1710	3.4679999	0
1711	3.4679401	0
1712	3.46788	0
1713	3.4678199	0
1714	3.4677601	0
1715	3.4677	0
1716	3.4676399	0
1717	3.4675801	0
1718	3.46752	0
1719	3.4674599	0
1720	3.4674001	0
1721	3.46734	0
1722	3.4672799	0
1723	3.4672201	0
1724	3.46716	0
1725	3.4670999	0
1726	3.4670401	0
1727	3.46698	0
1728	3.4669199	0
1729	3.4668601	0
1730	3.4668	0
1731	3.4667399	0
1732	3.46668	0
1733	3.46662	0
1734	3.4665599	0
1735	3.4665	0
1736	3.46644	0
1737	3.4663799	0
1738	3.46632	0
1739	3.46626	0
1740	3.4662001	0
1741	3.46614	0
1742	3.46608	0
1743	3.4660201	0
1744	3.46596	0
1745	3.4658999	0
1746	3.4658401	0
1747	3.46578	0
1748	3.4657199	0
1749	3.4656601	0
1750	3.4656	0
1751	3.4655399	0
1752	3.4654801	0
1753	3.46542	0
1754	3.4653599	0
1755	3.4653001	0
1756	3.46526	0
1757	3.46522	0
1758	3.4651799	0
1759	3.4651401	0
1760	3.4651	0
1761	3.46504	0
1762	3.4649799	0
1763	3.46492	0
1764	3.46486	0
1765	3.4647999	0
1766	3.46474	0
1767	3.46468	0
1768	3.4646201	0
1769	3.46456	0
1770	3.4645	0
1771	3.4644401	0
1772	3.46438	0
1773	3.4643199	0
1774	3.4642601	0
1775	3.4642	0
1776	3.46416	0
1777	3.4641199	0
1778	3.4640801	0
1779	3.46404	0
1780	3.464	0
1781	3.4639399	0
1782	3.4638801	0
1783	3.46382	0
1784	3.4637599	0
1785	3.4637001	0
1786	3.46364	0
1787	3.4635799	0
1788	3.4635201	0
1789	3.46346	0
1790	3.4633999	0
1791	3.4633601	0
1792	3.46332	0
1793	3.46328	0
1794	3.4632399	0
1795	3.4632001	0
1796	3.46314	0
1797	3.4630799	0
1798	3.4630201	0
1799	3.46296	0
1800	3.4628999	0
1801	3.4628401	0
1802	3.46278	0
1803	3.4627199	0
1804	3.4626601	0
1805	3.4626	0
1806	3.4625599	0
1807	3.4625199	0
1808	3.4624801	0
1809	3.46244	0
1810	3.4624	0
1811	3.4623401	0
1812	3.46228	0
1813	3.46222	0
1814	3.4621601	0
1815	3.4621	0
1816	3.46206	0
1817	3.4620199	0
1818	3.4619801	0
1819	3.4619401	0
1820	3.4619	0
1821	3.4618399	0
1822	3.4617801	0
1823	3.46172	0
1824	3.4616599	0
1825	3.4616001	0
1826	3.46156	0
1827	3.46152	0
1828	3.4614799	0
1829	3.4614401	0
1830	3.4614	0
1831	3.46134	0
1832	3.4612801	0
1833	3.46122	0
1834	3.4611599	0
1835	3.4611001	0
1836	3.46106	0
1837	3.46102	0
1838	3.4609799	0
1839	3.4609399	0
1840	3.4609001	0
1841	3.46086	0
1842	3.46082	0
1843	3.4607799	0
1844	3.4607401	0
1845	3.4607	0
1846	3.46064	0
1847	3.4605801	0
1848	3.46052	0
1849	3.4604599	0
1850	3.4604001	0
1851	3.4603601	0
1852	3.46032	0
1853	3.4602799	0
1854	3.4602399	0
1855	3.4602001	0
1856	3.46014	0
1857	3.4600799	0
1858	3.4600201	0
1859	3.45996	0
1860	3.4598999	0
1861	3.4598601	0
1862	3.45982	0
1863	3.45978	0
1864	3.4597399	0
1865	3.4597001	0
1866	3.4596601	0
1867	3.45962	0
1868	3.4595799	0
1869	3.4595399	0
1870	3.4595001	0
1871	3.45944	0
1872	3.4593799	0
1873	3.4593201	0
1874	3.45926	0
1875	3.4591999	0
1876	3.4591601	0
1877	3.45912	0
1878	3.45908	0
1879	3.4590399	0
1880	3.4590001	0
1881	3.4589601	0
1882	3.45892	0
1883	3.4588799	0
1884	3.4588399	0
1885	3.4588001	0
1886	3.45876	0
1887	3.45872	0
1888	3.4586799	0
1889	3.4586401	0
1890	3.4586	0
1891	3.45854	0
1892	3.4584799	0
1893	3.45842	0
1894	3.45836	0
1895	3.4583001	0
1896	3.4582601	0
1897	3.45822	0
1898	3.45818	0
1899	3.4581399	0
1900	3.4581001	0
1901	3.45806	0
1902	3.45802	0
1903	3.4579799	0
1904	3.4579401	0
1905	3.4579	0
1906	3.45786	0
1907	3.4578199	0
1908	3.4577799	0
1909	3.4577401	0
1910	3.4577	0
1911	3.45766	0
1912	3.4576199	0
1913	3.4575801	0
1914	3.45754	0
1915	3.4575	0
1916	3.4574599	0
1917	3.4574201	0
1918	3.4573801	0
1919	3.45734	0
1920	3.4572999	0
1921	3.4572401	0
1922	3.45718	0
1923	3.4571199	0
1924	3.4570601	0
1925	3.457	0
1926	3.45696	0
1927	3.4569199	0
1928	3.4568801	0
1929	3.45684	0
1930	3.4568	0
1931	3.4567599	0
1932	3.4567201	0
1933	3.4566801	0
1934	3.45664	0
1935	3.4566	0
1936	3.4565599	0
1937	3.4565201	0
1938	3.45648	0
1939	3.45644	0
1940	3.4563999	0
1941	3.4563601	0
1942	3.45632	0
1943	3.45628	0
1944	3.4562399	0
1945	3.4561999	0
1946	3.4561601	0
1947	3.45612	0
1948	3.45608	0
1949	3.4560399	0
1950	3.4560001	0
1951	3.45596	0
1952	3.45592	0
1953	3.4558799	0
1954	3.4558401	0
1955	3.4558001	0
1956	3.45576	0
1957	3.4557199	0
1958	3.4556799	0
1959	3.4556401	0
1960	3.4556	0
1961	3.45556	0
1962	3.4555199	0
1963	3.4554801	0
1964	3.45544	0
1965	3.4554	0
1966	3.4553599	0
1967	3.4553199	0
1968	3.4552801	0
1969	3.45524	0
1970	3.4552	0
1971	3.4551599	0
1972	3.4551201	0
1973	3.45508	0
1974	3.45504	0
1975	3.4549999	0
1976	3.4549601	0
1977	3.4549201	0
1978	3.45488	0
1979	3.4548399	0
1980	3.4547999	0
1981	3.4547601	0
1982	3.45472	0
1983	3.45468	0
1984	3.4546399	0
1985	3.4546001	0
1986	3.45456	0
1987	3.45452	0
1988	3.4544799	0
1989	3.4544401	0
1990	3.4544001	0
1991	3.45436	0
1992	3.45432	0
1993	3.4542799	0
1994	3.4542401	0
1995	3.4542	0
1996	3.45418	0
1997	3.45416	0
1998	3.4541399	0
1999	3.4541199	0
2000	3.4540999	0
2001	3.4540601	0
2002	3.45402	0
2003	3.45398	0
2004	3.4539399	0
2005	3.4539001	0
2006	3.45386	0
2007	3.45382	0
2008	3.4537799	0
2009	3.4537399	0
2010	3.4537001	0
2011	3.45366	0
2012	3.45362	0
2013	3.4535799	0
2014	3.4535401	0
2015	3.4535	0
2016	3.45346	0
2017	3.4534199	0
2018	3.4533801	0
2019	3.4533401	0
2020	3.4533	0
2021	3.4532599	0
2022	3.4532199	0
2023	3.4531801	0
2024	3.45314	0
2025	3.4531	0
2026	3.4530799	0
2027	3.4530599	0
2028	3.4530399	0
2029	3.4530201	0
2030	3.4530001	0
2031	3.45296	0
2032	3.45292	0
2033	3.4528799	0
2034	3.4528401	0
2035	3.4528	0
2036	3.45276	0
2037	3.4527199	0
2038	3.4526801	0
2039	3.4526401	0
2040	3.4526	0
2041	3.4525599	0
2042	3.4525199	0
2043	3.4524801	0
2044	3.45244	0
2045	3.4524	0
2046	3.4523799	0
2047	3.4523599	0
2048	3.4523399	0
2049	3.4523201	0
2050	3.4523001	0
2051	3.45226	0
2052	3.45222	0
2053	3.4521799	0
2054	3.4521401	0
2055	3.4521	0
2056	3.45206	0
2057	3.4520199	0
2058	3.4519801	0
2059	3.4519401	0
2060	3.4519	0
2061	3.45186	0
2062	3.4518199	0
2063	3.4517801	0
2064	3.45174	0
2065	3.4517	0
2066	3.4516799	0
2067	3.4516599	0
2068	3.4516399	0
2069	3.4516201	0
2070	3.4516001	0
2071	3.45156	0
2072	3.45152	0
2073	3.4514799	0
2074	3.4514401	0
2075	3.4514	0
2076	3.45136	0
2077	3.4513199	0
2078	3.4512801	0
2079	3.4512401	0
2080	3.4512	0
2081	3.45118	0
2082	3.45116	0
2083	3.4511399	0
2084	3.4511199	0
2085	3.4511001	0
2086	3.4510601	0
2087	3.45102	0
2088	3.4509799	0
2089	3.4509399	0
2090	3.4509001	0
2091	3.45086	0
2092	3.45082	0
2093	3.4507799	0
2094	3.4507401	0
2095	3.4507	0
2096	3.45068	0
2097	3.45066	0
2098	3.45064	0
2099	3.4506199	0
2100	3.4505999	0
2101	3.4505601	0
2102	3.45052	0
2103	3.45048	0
2104	3.4504399	0
2105	3.4504001	0
2106	3.4503801	0
2107	3.4503601	0
2108	3.45034	0
2109	3.45032	0
2110	3.4503	0
2111	3.4502599	0
2112	3.4502201	0
2113	3.4501801	0
2114	3.45014	0
2115	3.4500999	0
2116	3.4500599	0
2117	3.4500201	0
2118	3.44998	0
2119	3.44994	0
2120	3.4498999	0
2121	3.4498799	0
2122	3.4498601	0
2123	3.4498401	0
2124	3.44982	0
2125	3.4498	0
2126	3.44976	0
2127	3.4497199	0
2128	3.4496801	0
2129	3.44964	0
2130	3.4496	0
2131	3.44958	0
2132	3.4495599	0
2133	3.4495399	0
2134	3.4495201	0
2135	3.4495001	0
2136	3.44946	0
2137	3.44942	0
2138	3.4493799	0
2139	3.4493401	0
2140	3.4493001	0
2141	3.44928	0
2142	3.44926	0
2143	3.44924	0
2144	3.4492199	0
2145	3.4491999	0
2146	3.4491601	0
2147	3.44912	0
2148	3.44908	0
2149	3.4490399	0
2150	3.4489999	0
2151	3.4489801	0
2152	3.4489601	0
2153	3.44894	0
2154	3.44892	0
2155	3.4489	0
2156	3.4488599	0
2157	3.4488201	0
2158	3.4487801	0
2159	3.44874	0
2160	3.4487	0
2161	3.4486799	0
2162	3.4486599	0
2163	3.4486401	0
2164	3.4486201	0
2165	3.4486001	0
2166	3.44856	0
2167	3.4485199	0
2168	3.4484799	0
2169	3.4484401	0
2170	3.4484	0
2171	3.44838	0
2172	3.44836	0
2173	3.4483399	0
2174	3.4483199	0
2175	3.4482999	0
2176	3.4482601	0
2177	3.44822	0
2178	3.44818	0
2179	3.4481399	0
2180	3.4481001	0
2181	3.4480801	0
2182	3.44806	0
2183	3.44804	0
2184	3.44802	0
2185	3.448	0
2186	3.4479599	0
2187	3.4479201	0
2188	3.44788	0
2189	3.44784	0
2190	3.4477999	0
2191	3.4477799	0
2192	3.4477601	0
2193	3.4477401	0
2194	3.4477201	0
2195	3.4477	0
2196	3.44768	0
2197	3.44766	0
2198	3.4476399	0
2199	3.4476199	0
2200	3.4475999	0
2201	3.4475601	0
2202	3.44752	0
2203	3.44748	0
2204	3.4474399	0
2205	3.4474001	0
2206	3.4473801	0
2207	3.44736	0
2208	3.44734	0
2209	3.44732	0
2210	3.4473	0
2211	3.4472799	0
2212	3.4472599	0
2213	3.4472401	0
2214	3.4472201	0
2215	3.4472001	0
2216	3.44716	0
2217	3.44712	0
2218	3.4470799	0
2219	3.4470401	0
2220	3.447	0
2221	3.44698	0
2222	3.44696	0
2223	3.4469399	0
2224	3.4469199	0
2225	3.4468999	0
2226	3.4468601	0
2227	3.44682	0
2228	3.44678	0
2229	3.4467399	0
2230	3.4467001	0
2231	3.4466801	0
2232	3.44666	0
2233	3.44664	0
2234	3.44662	0
2235	3.4466	0
2236	3.4465799	0
2237	3.4465599	0
2238	3.4465401	0
2239	3.4465201	0
2240	3.4465001	0
2241	3.44646	0
2242	3.44642	0
2243	3.4463799	0
2244	3.4463401	0
2245	3.4463	0
2246	3.44628	0
2247	3.44626	0
2248	3.4462399	0
2249	3.4462199	0
2250	3.4461999	0
2251	3.4461801	0
2252	3.4461601	0
2253	3.4461401	0
2254	3.44612	0
2255	3.4461	0
2256	3.44608	0
2257	3.4460599	0
2258	3.4460399	0
2259	3.4460199	0
2260	3.4460001	0
2261	3.44596	0
2262	3.44592	0
2263	3.4458799	0
2264	3.4458399	0
2265	3.4458001	0
2266	3.44578	0
2267	3.44576	0
2268	3.44574	0
2269	3.44572	0
2270	3.4456999	0
2271	3.4456799	0
2272	3.4456601	0
2273	3.4456401	0
2274	3.4456201	0
2275	3.4456	0
2276	3.44556	0
2277	3.4455199	0
2278	3.4454801	0
2279	3.4454401	0
2280	3.4454	0
2281	3.44538	0
2282	3.4453599	0
2283	3.4453399	0
2284	3.4453199	0
2285	3.4453001	0
2286	3.4452801	0
2287	3.44526	0
2288	3.44524	0
2289	3.44522	0
2290	3.4452	0
2291	3.4451799	0
2292	3.4451599	0
2293	3.4451399	0
2294	3.4451201	0
2295	3.4451001	0
2296	3.44506	0
2297	3.44502	0
2298	3.4449799	0
2299	3.4449401	0
2300	3.4449	0
2301	3.44488	0
2302	3.44486	0
2303	3.44484	0
2304	3.4448199	0
2305	3.4447999	0
2306	3.4447801	0
2307	3.4447601	0
2308	3.4447401	0
2309	3.44472	0
2310	3.4447	0
2311	3.44468	0
2312	3.4446599	0
2313	3.4446399	0
2314	3.4446199	0
2315	3.4446001	0
2316	3.4445801	0
2317	3.4445601	0
2318	3.44454	0
2319	3.44452	0
2320	3.4445	0
2321	3.4444599	0
2322	3.4444201	0
2323	3.44438	0
2324	3.44434	0
2325	3.4442999	0
2326	3.4442799	0
2327	3.4442599	0
2328	3.4442401	0
2329	3.4442201	0
2330	3.4442	0
2331	3.44418	0
2332	3.44416	0
2333	3.44414	0
2334	3.4441199	0
2335	3.4440999	0
2336	3.4440801	0
2337	3.4440601	0
2338	3.4440401	0
2339	3.44402	0
2340	3.444	0
2341	3.44398	0
2342	3.44396	0
2343	3.4439399	0
2344	3.4439199	0
2345	3.4439001	0
2346	3.4438801	0
2347	3.4438601	0
2348	3.44384	0
2349	3.44382	0
2350	3.4438	0
2351	3.4437799	0
2352	3.4437599	0
2353	3.4437399	0
2354	3.4437201	0
2355	3.4437001	0
2356	3.44366	0
2357	3.44362	0
2358	3.4435799	0
2359	3.4435401	0
2360	3.4435	0
2361	3.44348	0
2362	3.44346	0
2363	3.44344	0
2364	3.4434199	0
2365	3.4433999	0
2366	3.4433801	0
2367	3.4433601	0
2368	3.4433401	0
2369	3.44332	0
2370	3.4433	0
2371	3.44328	0
2372	3.44326	0
2373	3.4432399	0
2374	3.4432199	0
2375	3.4432001	0
2376	3.4431801	0
2377	3.4431601	0
2378	3.44314	0
2379	3.44312	0
2380	3.4431	0
2381	3.4430799	0
2382	3.4430599	0
2383	3.4430399	0
2384	3.4430201	0
2385	3.4430001	0
2386	3.4429801	0
2387	3.44296	0
2388	3.44294	0
2389	3.44292	0
2390	3.4428999	0
2391	3.4428799	0
2392	3.4428599	0
2393	3.4428401	0
2394	3.4428201	0
2395	3.4428	0
2396	3.44278	0
2397	3.44276	0
2398	3.44274	0
2399	3.4427199	0
2400	3.4426999	0
2401	3.4426799	0
2402	3.4426601	0
2403	3.4426401	0
2404	3.44262	0
2405	3.4426	0
2406	3.44256	0
2407	3.4425199	0
2408	3.4424801	0
2409	3.44244	0
2410	3.4424	0
2411	3.44238	0
2412	3.4423599	0
2413	3.4423399	0
2414	3.4423201	0
2415	3.4423001	0
2416	3.4422801	0
2417	3.44226	0
2418	3.44224	0
2419	3.44222	0
2420	3.4421999	0
2421	3.4421799	0
2422	3.4421599	0
2423	3.4421401	0
2424	3.4421201	0
2425	3.4421	0
2426	3.44208	0
2427	3.44206	0
2428	3.44204	0
2429	3.4420199	0
2430	3.4419999	0
2431	3.4419799	0
2432	3.4419601	0
2433	3.4419401	0
2434	3.44192	0
2435	3.4419	0
2436	3.44188	0
2437	3.44186	0
2438	3.4418399	0
2439	3.4418199	0
2440	3.4418001	0
2441	3.4417801	0
2442	3.4417601	0
2443	3.44174	0
2444	3.44172	0
2445	3.4417	0
2446	3.44168	0
2447	3.4416599	0
2448	3.4416399	0
2449	3.4416201	0
2450	3.4416001	0
2451	3.4415801	0
2452	3.44156	0
2453	3.44154	0
2454	3.44152	0
2455	3.4414999	0
2456	3.4414799	0
2457	3.4414599	0
2458	3.4414401	0
2459	3.4414201	0
2460	3.4414001	0
2461	3.44138	0
2462	3.44136	0
2463	3.44134	0
2464	3.4413199	0
2465	3.4412999	0
2466	3.4412799	0
2467	3.4412601	0
2468	3.4412401	0
2469	3.44122	0
2470	3.4412	0
2471	3.44118	0
2472	3.44116	0
2473	3.4411399	0
2474	3.4411199	0
2475	3.4410999	0
2476	3.4410801	0
2477	3.4410601	0
2478	3.44104	0
2479	3.44102	0
2480	3.441	0
2481	3.44098	0
2482	3.4409599	0
2483	3.4409399	0
2484	3.4409201	0
2485	3.4409001	0
2486	3.4408801	0
2487	3.44086	0
2488	3.44084	0
2489	3.44082	0
2490	3.4408	0
2491	3.4407799	0
2492	3.4407599	0
2493	3.4407401	0
2494	3.4407201	0
2495	3.4407001	0
2496	3.44068	0
2497	3.44066	0
2498	3.44064	0
2499	3.4406199	0
2500	3.4405999	0
2501	3.4405999	0
2502	3.4405999	0
2503	3.4405999	0
2504	3.4405999	0
2505	3.4405999	0
2506	3.4405799	0
2507	3.4405601	0
2508	3.4405401	0
2509	3.44052	0
2510	3.4405	0
2511	3.44048	0
2512	3.44046	0
2513	3.4404399	0
2514	3.4404199	0
2515	3.4403999	0
2516	3.4403801	0
2517	3.4403601	0
2518	3.44034	0
2519	3.44032	0
2520	3.4403	0
2521	3.44028	0
2522	3.4402599	0
2523	3.4402399	0
2524	3.4402201	0
2525	3.4402001	0
2526	3.4401801	0
2527	3.44016	0
2528	3.44014	0
2529	3.44012	0
2530	3.4401	0
2531	3.4400799	0
2532	3.4400599	0
2533	3.4400401	0
2534	3.4400201	0
2535	3.4400001	0
2536	3.43998	0
2537	3.43996	0
2538	3.43994	0
2539	3.4399199	0
2540	3.4398999	0
2541	3.4398799	0
2542	3.4398601	0
2543	3.4398401	0
2544	3.4398201	0
2545	3.4398	0
2546	3.43978	0
2547	3.43976	0
2548	3.4397399	0
2549	3.4397199	0
2550	3.4396999	0
2551	3.4396801	0
2552	3.4396601	0
2553	3.43964	0
2554	3.43962	0
2555	3.4396	0
2556	3.43958	0
2557	3.4395599	0
2558	3.4395399	0
2559	3.4395199	0
2560	3.4395001	0
2561	3.4395001	0
2562	3.4395001	0
2563	3.4395001	0
2564	3.4395001	0
2565	3.4395001	0
2566	3.4394801	0
2567	3.43946	0
2568	3.43944	0
2569	3.43942	0
2570	3.4394	0
2571	3.4393799	0
2572	3.4393599	0
2573	3.4393401	0
2574	3.4393201	0
2575	3.4393001	0
2576	3.43928	0
2577	3.43926	0
2578	3.43924	0
2579	3.43922	0
2580	3.4391999	0
2581	3.4391799	0
2582	3.4391601	0
2583	3.4391401	0
2584	3.4391201	0
2585	3.4391	0
2586	3.43908	0
2587	3.43906	0
2588	3.4390399	0
2589	3.4390199	0
2590	3.4389999	0
2591	3.4389801	0
2592	3.4389601	0
2593	3.43894	0
2594	3.43892	0
2595	3.4389	0
2596	3.4389	0
2597	3.4389	0
2598	3.4389	0
2599	3.4389	0
2600	3.4389	0
2601	3.43888	0
2602	3.4388599	0
2603	3.4388399	0
2604	3.4388199	0
2605	3.4388001	0
2606	3.4387801	0
2607	3.43876	0
2608	3.43874	0
2609	3.43872	0
2610	3.4387	0
2611	3.4386799	0
2612	3.4386599	0
2613	3.4386401	0
2614	3.4386201	0
2615	3.4386001	0
2616	3.43858	0
2617	3.43856	0
2618	3.43854	0
2619	3.43852	0
2620	3.4384999	0
2621	3.4384799	0
2622	3.4384601	0
2623	3.4384401	0
2624	3.4384201	0
2625	3.4384	0
2626	3.4384	0
2627	3.4384	0
2628	3.4384	0
2629	3.4384	0
2630	3.4384	0
2631	3.43838	0
2632	3.43836	0
2633	3.4383399	0
2634	3.4383199	0
2635	3.4382999	0
2636	3.4382801	0
2637	3.4382601	0
2638	3.4382401	0
2639	3.43822	0
2640	3.4382	0
2641	3.43818	0
2642	3.4381599	0
2643	3.4381399	0
2644	3.4381199	0
2645	3.4381001	0
2646	3.4380801	0
2647	3.43806	0
2648	3.43804	0
2649	3.43802	0
2650	3.438	0
2651	3.438	0
2652	3.438	0
2653	3.438	0
2654	3.438	0
2655	3.438	0
2656	3.4379799	0
2657	3.4379599	0
2658	3.4379399	0
2659	3.4379201	0
2660	3.4379001	0
2661	3.43788	0
2662	3.43786	0
2663	3.43784	0
2664	3.43782	0
2665	3.4377999	0
2666	3.4377799	0
2667	3.4377601	0
2668	3.4377401	0
2669	3.4377201	0
2670	3.4377	0
2671	3.4377	0
2672	3.4377	0
2673	3.4377	0
2674	3.4377	0
2675	3.4377	0
2676	3.43768	0
2677	3.43766	0
2678	3.43764	0
2679	3.4376199	0
2680	3.4375999	0
2681	3.4375801	0
2682	3.4375601	0
2683	3.4375401	0
2684	3.43752	0
2685	3.4375	0
2686	3.43748	0
2687	3.4374599	0
2688	3.4374399	0
2689	3.4374199	0
2690	3.4374001	0
2691	3.4374001	0
2692	3.4374001	0
2693	3.4374001	0
2694	3.4374001	0
2695	3.4374001	0
2696	3.4373801	0
2697	3.43736	0
2698	3.43734	0
2699	3.43732	0
2700	3.4373	0
2701	3.4372799	0
2702	3.4372599	0
2703	3.4372399	0
2704	3.4372201	0
2705	3.4372001	0
2706	3.43718	0
2707	3.43716	0
2708	3.43714	0
2709	3.43712	0
2710	3.4370999	0
2711	3.4370999	0
2712	3.4370999	0
2713	3.4370999	0
2714	3.4370999	0
2715	3.4370999	0
2716	3.4370799	0
2717	3.4370601	0
2718	3.4370401	0
2719	3.4370201	0
2720	3.437	0
2721	3.43698	0
2722	3.43696	0
2723	3.43694	0
2724	3.4369199	0
2725	3.4368999	0
2726	3.4368801	0
2727	3.4368601	0
2728	3.4368401	0
2729	3.43682	0
2730	3.4368	0
2731	3.4368	0
2732	3.4368	0
2733	3.4368	0
2734	3.4368	0
2735	3.4368	0
2736	3.43678	0
2737	3.4367599	0
2738	3.4367399	0
2739	3.4367199	0
2740	3.4367001	0
2741	3.4366801	0
2742	3.4366601	0
2743	3.43664	0
2744	3.43662	0
2745	3.4366	0
2746	3.4366	0
2747	3.4366	0
2748	3.4366	0
2749	3.4366	0
2750	3.4366	0
2751	3.4365799	0
2752	3.4365599	0
2753	3.4365399	0
2754	3.4365201	0
2755	3.4365001	0
2756	3.43648	0
2757	3.43646	0
2758	3.43644	0
2759	3.43642	0
2760	3.4363999	0
2761	3.4363799	0
2762	3.4363599	0
2763	3.4363401	0
2764	3.4363201	0
2765	3.4363	0
2766	3.4363	0
2767	3.4363	0
2768	3.4363	0
2769	3.4363	0
2770	3.4363	0
2771	3.43628	0
2772	3.43626	0
2773	3.43624	0
2774	3.4362199	0
2775	3.4361999	0
2776	3.4361801	0
2777	3.4361601	0
2778	3.4361401	0
2779	3.43612	0
2780	3.4361	0
2781	3.4361	0
2782	3.4361	0
2783	3.4361	0
2784	3.4361	0
2785	3.4361	0
2786	3.43608	0
2787	3.43606	0
2788	3.4360399	0
2789	3.4360199	0
2790	3.4360001	0
2791	3.4359801	0
2792	3.4359601	0
2793	3.43594	0
2794	3.43592	0
2795	3.4359	0
2796	3.4359	0
2797	3.4359	0
2798	3.4359	0
2799	3.4359	0
2800	3.4359	0
2801	3.4358799	0
2802	3.4358599	0
2803	3.4358399	0
2804	3.4358201	0
2805	3.4358001	0
2806	3.43578	0
2807	3.43576	0
2808	3.43574	0
2809	3.43572	0
2810	3.4356999	0
2811	3.4356999	0
2812	3.4356999	0
2813	3.4356999	0
2814	3.4356999	0
2815	3.4356999	0
2816	3.4356799	0
2817	3.4356599	0
2818	3.4356401	0
2819	3.4356201	0
2820	3.4356	0
2821	3.43558	0
2822	3.43556	0
2823	3.43554	0
2824	3.4355199	0
2825	3.4354999	0
2826	3.4354999	0
2827	3.4354999	0
2828	3.4354999	0
2829	3.4354999	0
2830	3.4354999	0
2831	3.4354801	0
2832	3.4354601	0
2833	3.4354401	0
2834	3.43542	0
2835	3.4354	0
2836	3.43538	0
2837	3.43536	0
2838	3.4353399	0
2839	3.4353199	0
2840	3.4353001	0
2841	3.4353001	0
2842	3.4353001	0
2843	3.4353001	0
2844	3.4353001	0
2845	3.4353001	0
2846	3.4352801	0
2847	3.4352601	0
2848	3.43524	0
2849	3.43522	0
2850	3.4352	0
2851	3.4351799	0
2852	3.4351599	0
2853	3.4351399	0
2854	3.4351201	0
2855	3.4351001	0
2856	3.4351001	0
2857	3.4351001	0
2858	3.4351001	0
2859	3.4351001	0
2860	3.4351001	0
2861	3.4350801	0
2862	3.43506	0
2863	3.43504	0
2864	3.43502	0
2865	3.4349999	0
2866	3.4349999	0
2867	3.4349999	0
2868	3.4349999	0
2869	3.4349999	0
2870	3.4349999	0
2871	3.4349799	0
2872	3.4349599	0
2873	3.4349401	0
2874	3.4349201	0
2875	3.4349	0
2876	3.43488	0
2877	3.43486	0
2878	3.43484	0
2879	3.4348199	0
2880	3.4347999	0
2881	3.4347999	0
2882	3.4347999	0
2883	3.4347999	0
2884	3.4347999	0
2885	3.4347999	0
2886	3.4347799	0
2887	3.4347601	0
2888	3.4347401	0
2889	3.43472	0
2890	3.4347	0
2891	3.4347	0
2892	3.4347	0
2893	3.4347	0
2894	3.4347	0
2895	3.4347	0
2896	3.43468	0
2897	3.43466	0
2898	3.4346399	0
2899	3.4346199	0
2900	3.4346001	0
2901	3.4345801	0
2902	3.4345601	0
2903	3.43454	0
2904	3.43452	0
2905	3.4345	0
2906	3.4345	0
2907	3.4345	0
2908	3.4345	0
2909	3.4345	0
2910	3.4345	0
2911	3.43448	0
2912	3.4344599	0
2913	3.4344399	0
2914	3.4344201	0
2915	3.4344001	0
2916	3.4344001	0
2917	3.4344001	0
2918	3.4344001	0
2919	3.4344001	0
2920	3.4344001	0
2921	3.4343801	0
2922	3.43436	0
2923	3.43434	0
2924	3.43432	0
2925	3.4342999	0
2926	3.4342799	0
2927	3.4342599	0
2928	3.4342401	0
2929	3.4342201	0
2930	3.4342	0
2931	3.4342	0
2932	3.4342	0
2933	3.4342	0
2934	3.4342	0
2935	3.4342	0
2936	3.43418	0
2937	3.43416	0
2938	3.43414	0
2939	3.4341199	0
2940	3.4340999	0
2941	3.4340999	0
2942	3.4340999	0
2943	3.4340999	0
2944	3.4340999	0
2945	3.4340999	0
2946	3.4340799	0
2947	3.4340601	0
2948	3.4340401	0
2949	3.43402	0
2950	3.434	0
2951	3.434	0
2952	3.434	0
2953	3.434	0
2954	3.434	0
2955	3.434	0
2956	3.43398	0
2957	3.43396	0
2958	3.4339399	0
2959	3.4339199	0
2960	3.4339001	0
2961	3.4338801	0
2962	3.4338601	0
2963	3.43384	0
2964	3.43382	0
2965	3.4338	0
2966	3.4338	0
2967	3.4338	0
2968	3.4338	0
2969	3.4338	0
2970	3.4338	0
2971	3.43378	0
2972	3.4337599	0
2973	3.4337399	0
2974	3.4337201	0
2975	3.4337001	0
2976	3.4337001	0
2977	3.4337001	0
2978	3.4337001	0
2979	3.4337001	0
2980	3.4337001	0
2981	3.4336801	0
2982	3.43366	0
2983	3.43364	0
2984	3.43362	0
2985	3.4335999	0
2986	3.4335999	0
2987	3.4335999	0
2988	3.4335999	0
2989	3.4335999	0
2990	3.4335999	0
2991	3.4335799	0
2992	3.4335599	0
2993	3.4335401	0
2994	3.4335201	0
2995	3.4335001	0
2996	3.4335001	0
2997	3.4335001	0
2998	3.4335001	0
2999	3.4335001	0
3000	3.4335001	0
3001	3.43348	0
3002	3.43346	0
3003	3.43344	0
3004	3.4334199	0
3005	3.4333999	0
3006	3.4333799	0
3007	3.4333601	0
3008	3.4333401	0
3009	3.43332	0
3010	3.4333	0
3011	3.4333	0
3012	3.4333	0
3013	3.4333	0
3014	3.4333	0
3015	3.4333	0
3016	3.43328	0
3017	3.43326	0
3018	3.4332399	0
3019	3.4332199	0
3020	3.4331999	0
3021	3.4331999	0
3022	3.4331999	0
3023	3.4331999	0
3024	3.4331999	0
3025	3.4331999	0
3026	3.4331801	0
3027	3.4331601	0
3028	3.43314	0
3029	3.43312	0
3030	3.4331	0
3031	3.4331	0
3032	3.4331	0
3033	3.4331	0
3034	3.4331	0
3035	3.4331	0
3036	3.43308	0
3037	3.4330599	0
3038	3.4330399	0
3039	3.4330201	0
3040	3.4330001	0
3041	3.4330001	0
3042	3.4330001	0
3043	3.4330001	0
3044	3.4330001	0
3045	3.4330001	0
3046	3.4329801	0
3047	3.43296	0
3048	3.43294	0
3049	3.43292	0
3050	3.4329	0
3051	3.4329	0
3052	3.4329	0
3053	3.4329	0
3054	3.4329	0
3055	3.4329	0
3056	3.4328799	0
3057	3.4328599	0
3058	3.4328401	0
3059	3.4328201	0
3060	3.4328001	0
3061	3.4328001	0
3062	3.4328001	0
3063	3.4328001	0
3064	3.4328001	0
3065	3.4328001	0
3066	3.43278	0
3067	3.43276	0
3068	3.43274	0
3069	3.4327199	0
3070	3.4326999	0
3071	3.4326999	0
3072	3.4326999	0
3073	3.4326999	0
3074	3.4326999	0
3075	3.4326999	0
3076	3.4326799	0
3077	3.4326601	0
3078	3.4326401	0
3079	3.43262	0
3080	3.4326	0
3081	3.4326	0
3082	3.4326	0
3083	3.4326	0
3084	3.4326	0
3085	3.4326	0
3086	3.43258	0
3087	3.43256	0
3088	3.4325399	0
3089	3.4325199	0
3090	3.4324999	0
3091	3.4324999	0
3092	3.4324999	0
3093	3.4324999	0
3094	3.4324999	0
3095	3.4324999	0
3096	3.4324801	0
3097	3.4324601	0
3098	3.43244	0
3099	3.43242	0
3100	3.4324	0
3101	3.4324	0
3102	3.4324	0
3103	3.4324	0
3104	3.4324	0
3105	3.4324	0
3106	3.43238	0
3107	3.4323599	0
3108	3.4323399	0
3109	3.4323201	0
3110	3.4323001	0
3111	3.4323001	0
3112	3.4323001	0
3113	3.4323001	0
3114	3.4323001	0
3115	3.4323001	0
3116	3.4322801	0
3117	3.43226	0
3118	3.43224	0
3119	3.43222	0
3120	3.4322	0
3121	3.4322	0
3122	3.4322	0
3123	3.4322	0
3124	3.4322	0
3125	3.4322	0
3126	3.4321799	0
3127	3.4321599	0
3128	3.4321401	0
3129	3.4321201	0
3130	3.4321001	0
3131	3.4321001	0
3132	3.4321001	0
3133	3.4321001	0
3134	3.4321001	0
3135	3.4321001	0
3136	3.43208	0
3137	3.43206	0
3138	3.43204	0
3139	3.4320199	0
3140	3.4319999	0
3141	3.4319999	0
3142	3.4319999	0
3143	3.4319999	0
3144	3.4319999	0
3145	3.4319999	0
3146	3.4319799	0
3147	3.4319601	0
3148	3.4319401	0
3149	3.4319201	0
3150	3.4319	0
3151	3.4319	0
3152	3.4319	0
3153	3.4319	0
3154	3.4319	0
3155	3.4319	0
3156	3.4319	0
3157	3.4319	0
3158	3.4319	0
3159	3.4319	0
3160	3.4319	0
3161	3.43188	0
3162	3.43186	0
3163	3.4318399	0
3164	3.4318199	0
3165	3.4317999	0
3166	3.4317999	0
3167	3.4317999	0
3168	3.4317999	0
3169	3.4317999	0
3170	3.4317999	0
3171	3.4317801	0
3172	3.4317601	0
3173	3.43174	0
3174	3.43172	0
3175	3.4317	0
3176	3.4317	0
3177	3.4317	0
3178	3.4317	0
3179	3.4317	0
3180	3.4317	0
3181	3.43168	0
3182	3.4316599	0
3183	3.4316399	0
3184	3.4316199	0
3185	3.4316001	0
3186	3.4316001	0
3187	3.4316001	0
3188	3.4316001	0
3189	3.4316001	0
3190	3.4316001	0
3191	3.4315801	0
3192	3.43156	0
3193	3.43154	0
3194	3.43152	0
3195	3.4315	0
3196	3.4315	0
3197	3.4315	0
3198	3.4315	0
3199	3.4315	0
3200	3.4315	0
3201	3.4314799	0
3202	3.4314599	0
3203	3.4314401	0
3204	3.4314201	0
3205	3.4314001	0
3206	3.4314001	0
3207	3.4314001	0
3208	3.4314001	0
3209	3.4314001	0
3210	3.4314001	0
3211	3.4314001	0
3212	3.4314001	0
3213	3.4314001	0
3214	3.4314001	0
3215	3.4314001	0
3216	3.43138	0
3217	3.43136	0
3218	3.43134	0
3219	3.43132	0
3220	3.4312999	0
3221	3.4312999	0
3222	3.4312999	0
3223	3.4312999	0
3224	3.4312999	0
3225	3.4312999	0
3226	3.4312799	0
3227	3.4312601	0
3228	3.4312401	0
3229	3.4312201	0
3230	3.4312	0
3231	3.4312	0
3232	3.4312	0
3233	3.4312	0
3234	3.4312	0
3235	3.4312	0
3236	3.43118	0
3237	3.43116	0
3238	3.4311399	0
3239	3.4311199	0
3240	3.4310999	0
3241	3.4310999	0
3242	3.4310999	0
3243	3.4310999	0
3244	3.4310999	0
3245	3.4310999	0
3246	3.4310999	0
3247	3.4310999	0
3248	3.4310999	0
3249	3.4310999	0
3250	3.4310999	0
3251	3.4310801	0
3252	3.4310601	0
3253	3.43104	0
3254	3.43102	0
3255	3.431	0
3256	3.431	0
3257	3.431	0
3258	3.431	0
3259	3.431	0
3260	3.431	0
3261	3.43098	0
3262	3.4309599	0
3263	3.4309399	0
3264	3.4309199	0
3265	3.4309001	0
3266	3.4309001	0
3267	3.4309001	0
3268	3.4309001	0
3269	3.4309001	0
3270	3.4309001	0
3271	3.4308801	0
3272	3.43086	0
3273	3.43084	0
3274	3.43082	0
3275	3.4308	0
3276	3.4308	0
3277	3.4308	0
3278	3.4308	0
3279	3.4308	0
3280	3.4308	0
3281	3.4308	0
3282	3.4308	0
3283	3.4308	0
3284	3.4308	0
3285	3.4308	0
3286	3.4307799	0
3287	3.4307599	0
3288	3.4307401	0
3289	3.4307201	0
3290	3.4307001	0
3291	3.4307001	0
3292	3.4307001	0
3293	3.4307001	0
3294	3.4307001	0
3295	3.4307001	0
3296	3.43068	0
3297	3.43066	0
3298	3.43064	0
3299	3.43062	0
3300	3.4305999	0
3301	3.4305999	0
3302	3.4305999	0
3303	3.4305999	0
3304	3.4305999	0
3305	3.4305999	0
3306	3.4305999	0
3307	3.4305999	0
3308	3.4305999	0
3309	3.4305999	0
3310	3.4305999	0
3311	3.4305799	0
3312	3.4305601	0
3313	3.4305401	0
3314	3.4305201	0
3315	3.4305	0
3316	3.4305	0
3317	3.4305	0
3318	3.4305	0
3319	3.4305	0
3320	3.4305	0
3321	3.43048	0
3322	3.43046	0
3323	3.4304399	0
3324	3.4304199	0
3325	3.4303999	0
3326	3.4303999	0
3327	3.4303999	0
3328	3.4303999	0
3329	3.4303999	0
3330	3.4303999	0
3331	3.4303999	0
3332	3.4303999	0
3333	3.4303999	0
3334	3.4303999	0
3335	3.4303999	0
3336	3.4303801	0
3337	3.4303601	0
3338	3.4303401	0
3339	3.43032	0
3340	3.4303	0
3341	3.4303	0
3342	3.4303	0
3343	3.4303	0
3344	3.4303	0
3345	3.4303	0
3346	3.43028	0
3347	3.4302599	0
3348	3.4302399	0
3349	3.4302199	0
3350	3.4302001	0
3351	3.4302001	0
3352	3.4302001	0
3353	3.4302001	0
3354	3.4302001	0
3355	3.4302001	0
3356	3.4302001	0
3357	3.4302001	0
3358	3.4302001	0
3359	3.4302001	0
3360	3.4302001	0
3361	3.4301801	0
3362	3.43016	0
3363	3.43014	0
3364	3.43012	0
3365	3.4301	0
3366	3.4301	0
3367	3.4301	0
3368	3.4301	0
3369	3.4301	0
3370	3.4301	0
3371	3.4301	0
3372	3.4301	0
3373	3.4301	0
3374	3.4301	0
3375	3.4301	0
3376	3.4300799	0
3377	3.4300599	0
3378	3.4300399	0
3379	3.4300201	0
3380	3.4300001	0
3381	3.4300001	0
3382	3.4300001	0
3383	3.4300001	0
3384	3.4300001	0
3385	3.4300001	0
3386	3.42998	0
3387	3.42996	0
3388	3.42994	0
3389	3.42992	0
3390	3.4298999	0
3391	3.4298999	0
3392	3.4298999	0
3393	3.4298999	0
3394	3.4298999	0
3395	3.4298999	0
3396	3.4298999	0
3397	3.4298999	0
3398	3.4298999	0
3399	3.4298999	0
3400	3.4298999	0
3401	3.4298799	0
3402	3.4298601	0
3403	3.4298401	0
3404	3.4298201	0
3405	3.4298	0
3406	3.4298	0
3407	3.4298	0
3408	3.4298	0
3409	3.4298	0
3410	3.4298	0
3411	3.4298	0
3412	3.4298	0
3413	3.4298	0
3414	3.4298	0
3415	3.4298	0
3416	3.42978	0
3417	3.42976	0
3418	3.42974	0
3419	3.4297199	0
3420	3.4296999	0
3421	3.4296999	0
3422	3.4296999	0
3423	3.4296999	0
3424	3.4296999	0
3425	3.4296999	0
3426	3.4296999	0
3427	3.4296999	0
3428	3.4296999	0
3429	3.4296999	0
3430	3.4296999	0
3431	3.4296801	0
3432	3.4296601	0
3433	3.4296401	0
3434	3.42962	0
3435	3.4296	0
3436	3.4296	0
3437	3.4296	0
3438	3.4296	0
3439	3.4296	0
3440	3.4296	0
3441	3.42958	0
3442	3.4295599	0
3443	3.4295399	0
3444	3.4295199	0
3445	3.4295001	0
3446	3.4295001	0
3447	3.4295001	0
3448	3.4295001	0
3449	3.4295001	0
3450	3.4295001	0
3451	3.4295001	0
3452	3.4295001	0
3453	3.4295001	0
3454	3.4295001	0
3455	3.4295001	0
3456	3.4294801	0
3457	3.42946	0
3458	3.42944	0
3459	3.42942	0
3460	3.4294	0
3461	3.4294	0
3462	3.4294	0
3463	3.4294	0
3464	3.4294	0
3465	3.4294	0
3466	3.4294	0
3467	3.4294	0
3468	3.4294	0
3469	3.4294	0
3470	3.4294	0
3471	3.4293799	0
3472	3.4293599	0
3473	3.4293399	0
3474	3.4293201	0
3475	3.4293001	0
3476	3.4293001	0
3477	3.4293001	0
3478	3.4293001	0
3479	3.4293001	0
3480	3.4293001	0
3481	3.4293001	0
3482	3.4293001	0
3483	3.4293001	0
3484	3.4293001	0
3485	3.4293001	0
3486	3.42928	0
3487	3.42926	0
3488	3.42924	0
3489	3.42922	0
3490	3.4291999	0
3491	3.4291999	0
3492	3.4291999	0
3493	3.4291999	0
3494	3.4291999	0
3495	3.4291999	0
3496	3.4291999	0
3497	3.4291999	0
3498	3.4291999	0
3499	3.4291999	0
3500	3.4291999	0
3501	3.4291799	0
3502	3.4291601	0
3503	3.4291401	0
3504	3.4291201	0
3505	3.4291	0
3506	3.4291	0
3507	3.4291	0
3508	3.4291	0
3509	3.4291	0
3510	3.4291	0
3511	3.4291	0
3512	3.4291	0
3513	3.4291	0
3514	3.4291	0
3515	3.4291	0
3516	3.42908	0
3517	3.42906	0
3518	3.42904	0
3519	3.4290199	0
3520	3.4289999	0
3521	3.4289999	0
3522	3.4289999	0
3523	3.4289999	0
3524	3.4289999	0
3525	3.4289999	0
3526	3.4289999	0
3527	3.4289999	0
3528	3.4289999	0
3529	3.4289999	0
3530	3.4289999	0
3531	3.4289801	0
3532	3.4289601	0
3533	3.4289401	0
3534	3.42892	0
3535	3.4289	0
3536	3.4289	0
3537	3.4289	0
3538	3.4289	0
3539	3.4289	0
3540	3.4289	0
3541	3.4289	0
3542	3.4289	0
3543	3.4289	0
3544	3.4289	0
3545	3.4289	0
3546	3.42888	0
3547	3.4288599	0
3548	3.4288399	0
3549	3.4288199	0
3550	3.4288001	0
3551	3.4288001	0
3552	3.4288001	0
3553	3.4288001	0
3554	3.4288001	0
3555	3.4288001	0
3556	3.4288001	0
3557	3.4288001	0
3558	3.4288001	0
3559	3.4288001	0
3560	3.4288001	0
3561	3.4287801	0
3562	3.4287601	0
3563	3.42874	0
3564	3.42872	0
3565	3.4287	0
3566	3.4287	0
3567	3.4287	0
3568	3.4287	0
3569	3.4287	0
3570	3.4287	0
3571	3.4287	0
3572	3.4287	0
3573	3.4287	0
3574	3.4287	0
3575	3.4287	0
3576	3.4286799	0
3577	3.4286599	0
3578	3.4286399	0
3579	3.4286201	0
3580	3.4286001	0
3581	3.4286001	0
3582	3.4286001	0
3583	3.4286001	0
3584	3.4286001	0
3585	3.4286001	0
3586	3.4286001	0
3587	3.4286001	0
3588	3.4286001	0
3589	3.4286001	0
3590	3.4286001	0
3591	3.42858	0
3592	3.42856	0
3593	3.42854	0
3594	3.42852	0
3595	3.4284999	0
3596	3.4284999	0
3597	3.4284999	0
3598	3.4284999	0
3599	3.4284999	0
3600	3.4284999	0
3601	3.4284999	0
3602	3.4284999	0
3603	3.4284999	0
3604	3.4284999	0
3605	3.4284999	0
3606	3.4284999	0
3607	3.4284999	0
3608	3.4284999	0
3609	3.4284999	0
3610	3.4284999	0
3611	3.4284799	0
3612	3.4284599	0
3613	3.4284401	0
3614	3.4284201	0
3615	3.4284	0
3616	3.4284	0
3617	3.4284	0
3618	3.4284	0
3619	3.4284	0
3620	3.4284	0
3621	3.4284	0
3622	3.4284	0
3623	3.4284	0
3624	3.4284	0
3625	3.4284	0
3626	3.42838	0
3627	3.42836	0
3628	3.42834	0
3629	3.4283199	0
3630	3.4282999	0
3631	3.4282999	0
3632	3.4282999	0
3633	3.4282999	0
3634	3.4282999	0
3635	3.4282999	0
3636	3.4282999	0
3637	3.4282999	0
3638	3.4282999	0
3639	3.4282999	0
3640	3.4282999	0
3641	3.4282801	0
3642	3.4282601	0
3643	3.4282401	0
3644	3.42822	0
3645	3.4282	0
3646	3.4282	0
3647	3.4282	0
3648	3.4282	0
3649	3.4282	0
3650	3.4282	0
3651	3.4282	0
3652	3.4282	0
3653	3.4282	0
3654	3.4282	0
3655	3.4282	0
3656	3.4282	0
3657	3.4282	0
3658	3.4282	0
3659	3.4282	0
3660	3.4282	0
3661	3.42818	0
3662	3.42816	0
3663	3.4281399	0
3664	3.4281199	0
3665	3.4281001	0
3666	3.4281001	0
3667	3.4281001	0
3668	3.4281001	0
3669	3.4281001	0
3670	3.4281001	0
3671	3.4281001	0
3672	3.4281001	0
3673	3.4281001	0
3674	3.4281001	0
3675	3.4281001	0
3676	3.4280801	0
3677	3.4280601	0
3678	3.42804	0
3679	3.42802	0
3680	3.428	0
3681	3.428	0
3682	3.428	0
3683	3.428	0
3684	3.428	0
3685	3.428	0
3686	3.428	0
3687	3.428	0
3688	3.428	0
3689	3.428	0
3690	3.428	0
3691	3.428	0
3692	3.428	0
3693	3.428	0
3694	3.428	0
3695	3.428	0
3696	3.4279799	0
3697	3.4279599	0
3698	3.4279399	0
3699	3.4279201	0
3700	3.4279001	0
3701	3.4279001	0
3702	3.4279001	0
3703	3.4279001	0
3704	3.4279001	0
3705	3.4279001	0
3706	3.4279001	0
3707	3.4279001	0
3708	3.4279001	0
3709	3.4279001	0
3710	3.4279001	0
3711	3.42788	0
3712	3.42786	0
3713	3.42784	0
3714	3.42782	0
3715	3.4277999	0
3716	3.4277999	0
3717	3.4277999	0
3718	3.4277999	0
3719	3.4277999	0
3720	3.4277999	0
3721	3.4277999	0
3722	3.4277999	0
3723	3.4277999	0
3724	3.4277999	0
3725	3.4277999	0
3726	3.4277999	0
3727	3.4277999	0
3728	3.4277999	0
3729	3.4277999	0
3730	3.4277999	0
3731	3.4277799	0
3732	3.4277599	0
3733	3.4277401	0
3734	3.4277201	0
3735	3.4277	0
3736	3.4277	0
3737	3.4277	0
3738	3.4277	0
3739	3.4277	0
3740	3.4277	0
3741	3.4277	0
3742	3.4277	0
3743	3.4277	0
3744	3.4277	0
3745	3.4277	0
3746	3.42768	0
3747	3.42766	0
3748	3.42764	0
3749	3.4276199	0
3750	3.4275999	0
3751	3.4275999	0
3752	3.4275999	0
3753	3.4275999	0
3754	3.4275999	0
3755	3.4275999	0
3756	3.4275999	0
3757	3.4275999	0
3758	3.4275999	0
3759	3.4275999	0
3760	3.4275999	0
3761	3.4275999	0
3762	3.4275999	0
3763	3.4275999	0
3764	3.4275999	0
3765	3.4275999	0
3766	3.4275801	0
3767	3.4275601	0
3768	3.4275401	0
3769	3.42752	0
3770	3.4275	0
3771	3.4275	0
3772	3.4275	0
3773	3.4275	0
3774	3.4275	0
3775	3.4275	0
3776	3.4275	0
3777	3.4275	0
3778	3.4275	0
3779	3.4275	0
3780	3.4275	0
3781	3.4275	0
3782	3.4275	0
3783	3.4275	0
3784	3.4275	0
3785	3.4275	0
3786	3.42748	0
3787	3.42746	0
3788	3.4274399	0
3789	3.4274199	0
3790	3.4274001	0
3791	3.4274001	0
3792	3.4274001	0
3793	3.4274001	0
3794	3.4274001	0
3795	3.4274001	0
3796	3.4274001	0
3797	3.4274001	0
3798	3.4274001	0
3799	3.4274001	0
3800	3.4274001	0
3801	3.4274001	0
3802	3.4274001	0
3803	3.4274001	0
3804	3.4274001	0
3805	3.4274001	0
3806	3.4273801	0
3807	3.4273601	0
3808	3.42734	0
3809	3.42732	0
3810	3.4273	0
3811	3.4273	0
3812	3.4273	0
3813	3.4273	0
3814	3.4273	0
3815	3.4273	0
3816	3.4273	0
3817	3.4273	0
3818	3.4273	0
3819	3.4273	0
3820	3.4273	0
3821	3.4273	0
3822	3.4273	0
3823	3.4273	0
3824	3.4273	0
3825	3.4273	0
3826	3.4272799	0
3827	3.4272599	0
3828	3.4272399	0
3829	3.4272201	0
3830	3.4272001	0
3831	3.4272001	0
3832	3.4272001	0
3833	3.4272001	0
3834	3.4272001	0
3835	3.4272001	0
3836	3.4272001	0
3837	3.4272001	0
3838	3.4272001	0
3839	3.4272001	0
3840	3.4272001	0
3841	3.4271801	0
3842	3.42716	0
3843	3.42714	0
3844	3.42712	0
3845	3.4270999	0
3846	3.4270999	0
3847	3.4270999	0
3848	3.4270999	0
3849	3.4270999	0
3850	3.4270999	0
3851	3.4270999	0
3852	3.4270999	0
3853	3.4270999	0
3854	3.4270999	0
3855	3.4270999	0
3856	3.4270999	0
3857	3.4270999	0
3858	3.4270999	0
3859	3.4270999	0
3860	3.4270999	0
3861	3.4270799	0
3862	3.4270599	0
3863	3.4270401	0
3864	3.4270201	0
3865	3.427	0
3866	3.427	0
3867	3.427	0
3868	3.427	0
3869	3.427	0
3870	3.427	0
3871	3.427	0
3872	3.427	0
3873	3.427	0
3874	3.427	0
3875	3.427	0
3876	3.427	0
3877	3.427	0
3878	3.427	0
3879	3.427	0
3880	3.427	0
3881	3.427	0
3882	3.427	0
3883	3.427	0
3884	3.427	0
3885	3.427	0
3886	3.42698	0
3887	3.42696	0
3888	3.42694	0
3889	3.4269199	0
3890	3.4268999	0
3891	3.4268999	0
3892	3.4268999	0
3893	3.4268999	0
3894	3.4268999	0
3895	3.4268999	0
3896	3.4268999	0
3897	3.4268999	0
3898	3.4268999	0
3899	3.4268999	0
3900	3.4268999	0
3901	3.4268999	0
3902	3.4268999	0
3903	3.4268999	0
3904	3.4268999	0
3905	3.4268999	0
3906	3.4268799	0
3907	3.4268601	0
3908	3.4268401	0
3909	3.42682	0
3910	3.4268	0
3911	3.4268	0
3912	3.4268	0
3913	3.4268	0
3914	3.4268	0
3915	3.4268	0
3916	3.4268	0
3917	3.4268	0
3918	3.4268	0
3919	3.4268	0
3920	3.4268	0
3921	3.4268	0
3922	3.4268	0
3923	3.4268	0
3924	3.4268	0
3925	3.4268	0
3926	3.42678	0
3927	3.42676	0
3928	3.4267399	0
3929	3.4267199	0
3930	3.4267001	0
3931	3.4267001	0
3932	3.4267001	0
3933	3.4267001	0
3934	3.4267001	0
3935	3.4267001	0
3936	3.4267001	0
3937	3.4267001	0
3938	3.4267001	0
3939	3.4267001	0
3940	3.4267001	0
3941	3.4267001	0
3942	3.4267001	0
3943	3.4267001	0
3944	3.4267001	0
3945	3.4267001	0
3946	3.4266801	0
3947	3.4266601	0
3948	3.42664	0
3949	3.42662	0
3950	3.4266	0
3951	3.4266	0
3952	3.4266	0
3953	3.4266	0
3954	3.4266	0
3955	3.4266	0
3956	3.4266	0
3957	3.4266	0
3958	3.4266	0
3959	3.4266	0
3960	3.4266	0
3961	3.4266	0
3962	3.4266	0
3963	3.4266	0
3964	3.4266	0
3965	3.4266	0
3966	3.42658	0
3967	3.4265599	0
3968	3.4265399	0
3969	3.4265201	0
3970	3.4265001	0
3971	3.4265001	0
3972	3.4265001	0
3973	3.4265001	0
3974	3.4265001	0
3975	3.4265001	0
3976	3.4265001	0
3977	3.4265001	0
3978	3.4265001	0
3979	3.4265001	0
3980	3.4265001	0
3981	3.4265001	0
3982	3.4265001	0
3983	3.4265001	0
3984	3.4265001	0
3985	3.4265001	0
3986	3.4265001	0
3987	3.4265001	0
3988	3.4265001	0
3989	3.4265001	0
3990	3.4265001	0
3991	3.4264801	0
3992	3.42646	0
3993	3.42644	0
3994	3.42642	0
3995	3.4263999	0
3996	3.4263999	0
3997	3.4263999	0
3998	3.4263999	0
3999	3.4263999	0
4000	3.4263999	0
